4.699612074862549727e-01
-7.936169461019820792e-01
5.940315361641783642e-01
8.964073540406443108e-01
-3.591012506086720402e-01
-2.552739030244567942e-01
1.390527642219324400e-01
7.260295892426098241e-02
1.305460557428805846e-01
3.735582817957014967e-01
-2.333054678650242630e-01
4.657051042882607850e-01
-9.643361495639705128e-01
1.651335706993627694e-01
3.335175638910449769e-01
-8.984204973550974360e-01
9.066083344159224788e-01
4.569202750922241596e-01
1.113459464536147969e+00
-7.832470389382115324e-04
-9.185666044971246835e-02
-7.256584948824569281e-01
5.923785473789331402e-01
-8.262474498815348678e-01
5.785792297084545455e-01
1.696028785774020275e-02
-1.672322997311116374e-02
1.256034776999361557e-01
-3.223465120078800594e-01
1.574449251554307372e-01
-9.398111477617405729e-01
-1.567131294667283292e-01
6.632754157007084705e-01
1.249331529784829808e-01
2.561783199161998814e-01
-6.568304608237167663e-01
2.617736782640578408e-01
-1.820453519554839639e-01
5.462760568323625776e-01
8.333845456348782932e-01
-5.343883714472119628e-01
-5.615254894101946448e-01
9.990844018681026562e-01
-7.638400450672512276e-01
1.641911181179579737e-01
-4.511109265305476845e-01
-4.633913828434874094e-01
8.587010340735418135e-01
2.858703862997206691e-01
6.332574482321379206e-01
-1.956756753144829886e-01
7.986134232558165236e-01
-4.380747828027886648e-01
-7.192278904707228859e-01
-4.753218635593047803e-01
-4.181374219416501559e-01
4.494648230909184528e-01
2.986727482355281404e-01
7.039779832150445671e-01
3.973763869139916860e-01
5.959350449984243125e-01
-2.038275198610027816e-01
-5.820103829497242920e-01
-1.451762934876680289e-01
2.188642348413323557e-01
-1.795122534333917774e-01
1.941136252596848966e-01
-6.483548661334334051e-01
7.666214262850290506e-01
-5.134744120627143804e-02
-2.318130173095812874e-01
-6.890397516049331927e-02
1.290778786456293348e-01
1.996071515544265706e-01
2.181777315733339218e-01
8.411861820740455797e-02
9.611099025371854232e-01
-3.637874250716279789e-01
7.427454933452006802e-01
-3.612940630302527434e-01
4.261875603956573610e-01
4.659860174270144539e-01
-7.728677640797075865e-01
4.900307815989104476e-01
6.050931010748789030e-01
3.212106023003276634e-01
-1.017159379954683196e+00
-1.992688207653139365e-01
-1.244087448344055324e-01
5.656600299619464201e-01
-3.924270658786309096e-01
-4.084074535994465238e-01
1.798058414598321664e-01
2.013265821415884671e-01
-2.547862048958981496e-01
1.639277622190428996e-01
7.676280417532476141e-01
-4.317404434411191705e-01
-8.601880817380261890e-01
7.232370944601431706e-01
1.105263773833199847e+00
3.830157306333152878e-01
6.653648900819993939e-01
4.510641444390551258e-01
-6.587361168913895282e-02
-4.902431163408434434e-01
4.294377678455554292e-01
3.485939762229389727e-01
-4.082682981777508990e-01
4.776610661573575944e-01
8.468851507661370182e-01
-3.563728562821135704e-01
-7.397881217663673237e-01
-7.601220038288800662e-01
-3.113388287207896066e-01
-5.985602522146105109e-01
-2.536684384239720758e-01
-6.345144778969329380e-01
-9.134120119709956409e-01
-8.039546008158270363e-01
2.282488045970966217e-01
-2.118256638186537949e-02
3.663013089747252926e-01
4.538471517393113386e-01
9.858049445442721437e-01
1.019910285657687821e+00
-2.959839393311705091e-01
-2.506539722094324185e-01
-2.067011232781854613e-01
-6.272759721144740563e-01
8.896597294941113176e-01
1.896240621798539194e-01
7.578790550463182507e-01
-7.678362004587140355e-01
-6.336739075777069186e-01
9.606696267182496252e-03
2.602850750698554871e-01
6.727152899830790567e-01
-6.339885439327336281e-01
-8.343063637830647750e-01
1.987172416495831262e-01
9.873268091987712491e-01
-2.171584802531746072e-01
-9.075107664488326620e-01
-1.808854442200146795e-01
-2.536261020058946380e-01
-2.422893648350685214e-01
-7.984531067055745668e-01
2.233830722063404328e-01
-6.950899785661639185e-02
1.014496262815966388e+00
-6.063312265928055833e-01
9.521013617832965181e-01
-7.622259137696372200e-01
-2.689052737084659528e-01
3.602180868647054945e-02
4.331109753975740523e-02
-2.810524753591096651e-03
-7.932049201392414595e-02
1.102106389045369172e-01
-1.106045394358923462e+00
-1.887614493034515950e-01
-5.326053067205646085e-01
-1.765272765815709965e-01
2.152082017132373737e-01
-5.213658799349225881e-02
-6.184187918600086986e-01
5.482318506061422125e-01
-3.360431447535329741e-01
-4.887802191530783436e-01
9.526455329516705373e-01
1.461956071806197188e-01
2.862239877918948405e-01
-4.956546347433616884e-01
-1.158232078113812458e+00
-6.748141698699676276e-04
-4.538623723431476353e-01
1.187987621917410586e+00
7.168827409951601393e-01
6.530526434002317249e-01
1.196580669394597063e+00
-4.754002715446777882e-01
2.769525371723429163e-01
1.170654975928547392e+00
-7.938897360593927255e-01
-1.003227842866493413e-01
7.041638384821639063e-01
-6.974331792402681529e-01
9.005618298123633236e-01
-5.789422473257056501e-01
-9.258581564778901596e-01
8.945589601281305203e-01
-8.125443323127095052e-01
-1.087072692457262679e+00
-5.179113315341959956e-01
-5.220239822630655668e-01
-8.875520304914567005e-01
5.764264755016836883e-01
-1.502827692473605314e-01
3.914715469579443385e-01
3.469058340365504534e-01
-5.089181929587520692e-01
8.435174819993440654e-01
8.595171576553403137e-01
2.100464523536387310e-02
-5.498019511900844591e-01
-2.349330636468539568e-01
2.048589714948786111e-01
-8.707644685517640371e-01
-1.423631098336116951e-01
-9.851907350657302942e-01
-1.009587143601232695e+00
-1.051715538957707363e-01
5.369176736774644576e-01
-2.237641861655988995e-01
-2.530027915291123142e-01
4.841160203533432377e-02
5.757152483996942349e-01
1.875853834262357356e-01
-8.685146746230831827e-01
-4.159143995959480034e-01
3.468779639687379901e-01
-6.327700761797979689e-01
3.212526328457707692e-01
6.356121972743761228e-02
-6.037948228597979083e-01
-1.041837510263447175e+00
-2.270516936345888526e-01
3.830474557127758750e-01
5.928602811020629026e-01
-5.317754963866007101e-01
-6.100182200054946602e-01
-7.544115702422792280e-01
2.779033074669404191e-01
-2.715462183951842801e-01
1.007700648144439715e+00
2.726252554246951787e-01
6.101329887703531574e-01
8.852101551054185613e-01
8.142252328162681296e-01
7.324912635579354514e-02
3.352116250499433403e-01
-9.964601248906536091e-01
-3.593685567354306873e-03
-6.269568363126351018e-01
8.488546584728003108e-02
2.102071620963790743e-01
-2.855759884449672326e-01
-6.798874292756860171e-01
-3.653749331202814643e-01
7.926750127591823958e-01
4.099793878973965189e-01
-5.572117327891354943e-01
7.857130743144096208e-01
9.041565787858164560e-01
-6.135345108652752177e-01
1.069118833113763545e-01
1.165890790563624435e+00
-5.477056646239024662e-01
6.294386466757856402e-01
3.075048537010592886e-01
-3.661449514326259869e-01
1.508938572134125022e-01
-6.095737132266206837e-01
-8.844123381039098453e-01
