7.767032612678089754e-01
-7.757691123598072780e-01
4.335578708736296250e-01
2.849807107788142058e-01
-2.670865079933066322e-01
5.895831857717086510e-01
-5.668661317022714030e-01
-8.706069732347113677e-01
2.727290526941908086e-02
5.774660430414801926e-01
8.463712277954362762e-01
6.207066965560541494e-01
8.196475137391338039e-01
-8.412921214984393492e-01
3.597523680990690753e-01
4.544347695595479797e-01
4.981302263916920769e-01
5.466599607665979521e-01
-1.562917130243037800e-01
-9.780126136840338047e-01
1.098311011706556012e-01
-3.839066200318661665e-02
-2.029138599048783964e-01
5.418568123709471829e-01
-5.073663171900201496e-03
1.051838393738487643e+00
8.240580017846719230e-01
-3.028316227675268424e-01
3.729195674336346356e-01
-1.440655431512379570e-01
3.453279870868402046e-01
-7.180281656979284888e-01
8.731635964792153759e-01
-1.361711391970227725e+00
-8.121651325362391205e-01
1.081618872823591815e+00
1.029481850491108075e+00
4.789584646932966705e-01
-8.251654772168482976e-01
-8.986878185993276702e-01
-2.185864300938127058e-01
-9.130807480585424463e-01
8.853185028359383812e-01
-7.084849851250302200e-01
1.394437068492845599e-01
5.476129801562074073e-01
-7.443446354759886141e-01
9.177537799779565963e-01
-7.856877325022175729e-01
5.346968062356388662e-01
8.941939384355339360e-02
-6.780532697157688471e-01
-3.549555382176337176e-02
1.235067032602515047e+00
-7.427177236210990019e-01
2.322503597135986142e-01
1.809006090964486446e-01
5.377886375193535740e-01
-5.911883677312997909e-01
-3.998789326745554318e-01
8.607866367716633382e-01
4.164034252277649673e-01
-9.997795938610090083e-01
-5.205298699137576035e-01
5.950067485617929752e-02
4.019382069069876162e-01
4.104722836193347435e-01
3.638237141758313142e-01
-6.040296599553212076e-01
4.050981725105070597e-01
6.366730255254337001e-01
-6.245431268896913801e-01
4.433292586578387873e-01
-6.242115437058439742e-01
1.447468143512488647e-01
-4.901013415817530583e-01
-3.266766781569456213e-01
-1.614406428108443314e-01
-6.801470389197052935e-01
-1.029672088906648852e+00
-2.716544662031033508e-01
8.447454214059346711e-01
3.640680697026071333e-01
-3.620315491280975406e-01
-1.158115136980994997e+00
7.463272132676130877e-01
1.354404852561083894e+00
9.186449124407782829e-01
7.727477908215625302e-01
4.438354192381799290e-01
-4.329412762669849757e-01
-1.193106593163031137e+00
1.847320173194171300e-01
-7.651004012154947187e-01
-1.065980288438368673e+00
6.538761557896686227e-01
-3.510101683929591210e-01
2.210653554450169866e-01
7.997152472965822767e-01
3.933569073238059044e-01
-3.122330387463612689e-01
6.663817706695039922e-01
1.036161505735353039e+00
8.643696068204630434e-01
-6.808023512387087472e-03
-9.556020776593902033e-01
-6.453421943860239152e-01
1.729034378738730088e-02
-4.488750585419394590e-02
-2.480969799786850449e-01
7.199162542711219359e-01
3.142462682884298308e-01
-5.988949213696589391e-01
1.186682237605287682e+00
-6.929294523977423959e-01
-4.389172130379344061e-01
-8.949118586370163886e-01
4.047645427714795519e-01
-3.191079701421702941e-01
1.063092682320647242e+00
5.211676600915913227e-01
8.351270891599289481e-01
8.147821691516118348e-01
-1.277247579307461411e-01
-5.833747510135379732e-01
-5.064334587042528257e-01
3.135049152376194748e-01
4.423194320443478156e-01
-2.116520670092641165e-01
-4.335242001514744703e-01
-1.898977670557469577e-01
5.972718357834001512e-01
-2.351897590361481383e-01
8.638691128479466519e-01
1.356636717381626001e-01
1.775254107898903699e-01
6.323067461220638341e-01
-1.196480734779126615e-01
4.891891286148250528e-01
4.585823757010486501e-01
-8.073027630012186151e-02
4.088420937056060911e-01
9.586218101902235222e-01
4.886927960572096663e-01
-5.669824003445298466e-01
-7.997864065689315183e-01
5.678203967120516449e-01
9.564607651981335001e-01
3.181206082371487720e-01
1.501095598376556706e-01
6.000067444806719830e-02
7.190385500942365615e-01
1.193479608514728431e-02
5.401756851029267947e-01
1.627393008650049877e-01
-4.987453620950310640e-01
4.705791246649373982e-02
7.872679612638638913e-01
-3.058884151211413993e-01
-8.959034120019924163e-01
-3.315943607952570038e-01
1.082188530501726698e+00
1.218051743696137862e-01
-3.229637731175756810e-01
-4.603988533429824170e-01
-6.584597208448996764e-01
-7.945785859879004320e-01
9.685227795028994446e-01
-3.763365085965050261e-01
5.863087204682447817e-01
5.462358834273004643e-02
7.682651378074378812e-01
-1.351903652509187960e-02
6.676696366091242618e-01
5.468867590724349470e-02
-2.762328834410628930e-01
-3.309396204078450254e-01
4.070118692757900281e-01
-1.731093297264751640e-01
-6.627282483903914612e-01
-5.142792881490295537e-02
2.517013208822978521e-01
-6.135307533702974436e-02
1.065531764639584544e-01
-6.357977000443679749e-01
-1.286367455700985207e-01
-5.334115984766433227e-01
4.348241973199799548e-01
-1.275395685805700008e-01
-5.324742307356250537e-01
-6.882358827408113777e-02
-6.948889431731019029e-01
2.232461194992424458e-01
6.754990293230122012e-01
-1.285004366372871909e-01
3.997190829922891431e-01
4.405540039917370532e-01
-3.534545090255265531e-01
-4.307318055761114595e-01
-8.551907827796076944e-01
9.305432758758491740e-01
-9.181992225527855211e-01
6.943804286595695041e-01
-1.404227732136426043e-01
-7.452029330413542096e-01
-4.690730782560118550e-01
4.694131206757495289e-01
-6.084252386326298723e-01
-1.995745081422712619e-01
-6.658946346322794918e-01
-7.603710674120928159e-02
-6.903070877969438301e-01
1.245093888607875510e-01
4.238822137631870768e-01
-1.970543935795842083e-01
3.922260250756884892e-01
1.417182531798448220e-01
-8.234288958296387406e-01
-5.996977401657549445e-01
-2.958006488133096967e-01
-7.089602968643770042e-01
-1.130312773172268415e+00
7.936684902100770156e-01
7.081200651404153668e-01
2.249121413007112436e-01
-4.483713285692840778e-01
-6.630233739321107767e-02
6.305745076312164743e-01
7.592496440444015393e-01
-3.773044107151315996e-01
-6.950581564606099771e-01
-3.507368315128741032e-01
-6.283674650915063165e-01
-2.074828030764170328e-01
1.142071477924378353e+00
6.864684347222094196e-01
-6.354491946468018848e-02
3.578923278159855115e-01
-9.295916461770800110e-01
-6.343229684406272995e-01
-7.224378833721956106e-03
1.195139524161857453e-01
8.492515437362272435e-01
4.122551332382352052e-01
-2.572823064505406210e-01
-5.551983769652505396e-01
6.242888009878513333e-01
5.850594472751490249e-01
8.676990687562771143e-01
-1.491877602706304928e-01
-1.163338882530846885e-01
1.801809212752176481e-01
-2.225932448186117574e-01
8.509315571586890670e-01
1.005572448231607796e-01
6.480496589239805871e-01
-1.009286569542205303e+00
1.598215739801997215e-01
-6.581695679321435399e-01
1.378968677157984546e-01
6.454589738456605330e-01
-1.598104480147900741e+00
7.078062332938734880e-01
-4.039914120781721296e-01
-5.743335159493263564e-01
