-9.087201137850687838e-01
4.828514214542124483e-01
-8.620150211205073187e-01
4.250906948416464104e-01
2.709335530687582150e-01
-3.825610742487813853e-01
5.756810934505347532e-01
-3.333333879518381448e-01
-4.416522637410242869e-01
-1.373658397881465376e-01
-2.377932430741848124e-01
-7.096800454051923612e-01
9.396040882784077730e-02
-5.436799881223757236e-01
9.795059208893936997e-01
-6.476237914306208765e-01
5.552434861549658818e-01
6.410767740055142161e-01
9.474517286939967420e-01
-8.179484147591344900e-01
1.849629919884538537e-02
7.068332484127834991e-01
5.446019826360315452e-01
2.391585868501558410e-01
7.410715601086699522e-03
1.211809393802569107e-01
-2.461496284077819841e-01
-9.299460390957905442e-01
2.827608064104135677e-01
1.227487046633174983e-01
6.701802848269625690e-01
-5.725032054430130302e-01
-9.573100249036099463e-01
2.963470588505695558e-02
7.289137287666507259e-01
8.270711091345963606e-01
-8.117914383717474980e-01
-2.193801094212550207e-01
3.585033574855214233e-01
2.108604650000263092e-01
2.187613926974569523e-01
5.579835995424997641e-01
7.310044650253473275e-01
4.153779635281081850e-01
-5.481042127772284278e-01
4.914559315771999115e-01
2.795662641250035163e-01
8.121111353201897476e-01
4.122370134312310364e-01
-2.262599944876155789e-01
1.251515486191462634e-01
-9.538262960323942163e-01
-6.381893632762092317e-01
-4.082618309967441239e-01
2.737882173877959069e-01
2.927640565652217530e-01
-7.090642363188927044e-01
-2.535057042793004145e-02
8.248225357844634065e-01
9.436793442231985463e-01
4.530855177803940204e-01
-8.980825288173972520e-01
2.606246604962059177e-01
1.276989807211657557e-01
-8.321041386330876310e-01
-7.407996916012828947e-01
-8.341511602526625602e-01
-5.710054174157639384e-01
-3.051489403608311779e-01
6.149382488060459728e-01
-9.179485733991252783e-01
9.300731353624879238e-01
-1.138466956147357045e-01
1.362338018696131192e-01
-9.573486936710760009e-01
8.070609391818136524e-01
-2.670002387340312255e-01
-5.974015992222223570e-01
4.987599345396229733e-01
4.080014108079434987e-01
7.026403919515135099e-01
5.027240477359489201e-01
-2.760945151772387640e-01
4.065222269463338867e-01
1.468115989113654707e-01
8.766375041434939508e-01
4.374805087385065239e-01
6.870905954449314512e-01
7.627586420444395499e-01
-7.353871749080604925e-01
-7.232427610791962724e-01
-7.962455177629598202e-01
8.524938720611988652e-01
-4.590033568681069903e-02
-1.571579036228812065e-01
3.700941791416145765e-01
1.250590873738704478e-01
-9.945606500453605392e-01
-9.347465032678340391e-01
8.249075234005702750e-01
3.818019757194306973e-01
-7.277334060304017083e-01
-6.382863242334808618e-01
-7.067396826705369950e-01
-6.063132720878978699e-01
7.974332355881711409e-01
3.423870174829802826e-01
3.463232660591695211e-01
2.511385313972059330e-01
-3.487065544453619159e-01
-1.871435226175341970e-01
9.613021038043290112e-01
2.194056719125208332e-01
-7.516384084882038463e-02
9.665216800205586045e-01
-9.180371647941221180e-03
-7.976615082736480122e-01
3.479259448514804287e-01
-4.496021426103699037e-01
2.264982737133702795e-01
1.355518952158803192e-02
3.097895592405258136e-01
-6.368191943527640175e-01
-8.557955495780702471e-01
1.677756167796416731e-01
-2.426412535641971346e-01
7.606237080181274535e-02
4.880962946866179708e-01
5.258319495083464412e-01
-9.463178250953729886e-01
-8.928684375713182853e-01
2.514477711980104280e-01
8.435737037168102859e-01
-2.707064304992521375e-01
-6.305957367152442705e-01
-3.086432571008211889e-01
-9.059724686329904131e-01
-3.434736352278499605e-01
-4.815400801007017062e-01
-7.428147959525998045e-01
4.895234321344349437e-02
6.172586910259931781e-01
-6.031590622297855475e-01
3.219005503197628348e-01
-4.635319787431535499e-01
3.977833471588430592e-01
-3.920787121855736634e-01
8.753228775629777747e-01
-7.623240243240820835e-01
3.891158558131796452e-01
5.139301625210410673e-01
1.608815776706575829e-01
-4.727070700829759664e-01
-4.442299690526963496e-01
-3.657290320666519157e-01
6.491038095519570117e-01
3.197991289259322079e-01
-2.222367196122633226e-01
1.212034683183500494e-01
-1.118872864839299819e-01
-1.527888075592455097e-01
5.045288926522654149e-01
2.814555571776725107e-01
-8.004793721280296648e-01
2.201153252687142459e-01
-7.615854821873897507e-01
-5.870068189914464662e-01
1.501990418208816180e-01
-2.943384768386852479e-01
5.042559242739415026e-01
2.741743181535925000e-01
6.392725606216000944e-01
-6.150561639645559797e-01
3.835437466702971698e-01
-7.836905632683192069e-01
7.635838782462320840e-01
3.992908163101576147e-01
5.315276603335410410e-01
-8.045761596097282808e-01
-5.356254598746361673e-01
8.207856136155434745e-01
1.822308875387287364e-01
4.600699068611560083e-01
-7.571132081359002175e-01
-1.623415376740244276e-01
-9.513170340543753989e-01
-6.845204572449267721e-02
9.169462555587959418e-02
-1.591997464236287463e-01
-7.863069238860759258e-02
-4.627675856419317668e-01
-9.790196737193004317e-01
-9.037899426914872691e-01
-2.562785257326599120e-01
9.435240447560380161e-01
7.253011792541234071e-01
1.133100172525078331e-01
8.602544436697987518e-01
-3.596678329043326849e-01
-4.820146118542645297e-03
9.882342031620714451e-01
-7.092906162492547406e-02
-8.747918669273200276e-01
2.864210520428603357e-01
-4.895688866964132413e-01
4.422478132734400380e-01
1.747775901383678554e-01
-3.547769768333038087e-02
-7.256452873465738529e-01
7.953566413523874834e-01
-6.068063982357494446e-01
-3.181605343263192998e-01
9.853686770917937654e-01
8.862129067158278639e-01
1.871008113083339475e-01
4.960380662486716385e-01
5.703458291168523875e-01
-4.759478098973354832e-01
-2.145445337050494450e-02
7.875690320063450933e-01
-8.506346911291162716e-01
6.513669363947762747e-01
8.404329243476201805e-01
-9.432841742331388168e-01
9.135109013622084995e-03
2.588757918558242666e-01
6.726064675840612850e-01
6.777637798146053383e-01
5.197404747010976322e-01
-3.996189594650469967e-01
-7.636063760242831622e-01
1.899336623764484588e-01
-2.240259210308831461e-01
-2.479051116753718809e-01
-4.339334184557847029e-02
-6.945139629600582953e-02
-7.911599336457162401e-01
2.965714775567340755e-01
-8.346335149348160787e-01
-7.987574636730693234e-01
-1.405434470231345656e-01
-6.710058010177756271e-01
-3.942315345513582314e-01
5.905598478588305333e-01
-6.087751295046895939e-01
3.648170334073034815e-01
3.147953377187839297e-01
5.807697344285037838e-02
1.954256345488726843e-01
9.006182919940699527e-01
-3.045452663106103242e-02
-4.545985859489893866e-01
1.863709151571152078e-01
3.968330349774829569e-01
7.824079130378438496e-01
4.616859654926591672e-01
5.203355709726811273e-01
-7.758106764199468319e-01
9.806942901310999883e-01
-8.840956490817575286e-01
-8.423538764423483816e-01
-8.819352982719170786e-01
3.670647527593912107e-01
-1.165507981312396968e-01
-7.117080102527775232e-01
