2.837774175261366105e-01
2.511933143882856823e-01
8.945121354369609534e-01
9.323350007611895807e-01
9.279856328578085511e-01
-3.137422522541402081e-01
-7.801839951844178334e-01
4.585489222448795865e-01
-4.881705374084148175e-01
2.365925821261946616e-01
-7.272795154714399857e-01
7.369247388337882843e-01
-8.905796892871261639e-01
-2.767191821904979587e-01
3.212057196308701901e-01
3.701353612185840358e-01
7.980973413996524934e-01
-2.976867289415113249e-01
-1.932680684537885774e-01
-9.585444087581762584e-01
3.328379182905974454e-01
-2.596841491492573595e-01
-7.955999458860711637e-02
-5.694983493909924199e-01
8.117778190386247816e-01
7.114461951195469869e-01
8.626555393267523186e-01
-6.256619913239516162e-01
-8.484127013102322756e-01
3.261711083304386083e-01
2.966404510232709124e-01
1.316238092568190465e-01
-8.813205552951480781e-01
-5.273614488515989684e-01
1.434840744381622735e-02
-7.756438671820317099e-01
-1.494505502609853598e-01
5.517970579358423278e-01
-2.538740788629560985e-01
7.354263238518257140e-01
-7.778316096154406223e-01
8.811820114248721802e-01
-1.549125658009830042e-01
8.288375400423303452e-02
-3.718435298504680908e-01
9.410367167978275216e-01
-8.874554468550451825e-01
-3.299002685059250206e-01
-5.473914947632385619e-02
-5.922858336711915861e-01
-2.346148434317272546e-01
-2.893647466719885264e-01
-8.531544624720559522e-01
-4.862202448345738226e-01
-8.133566632046768108e-01
4.697190169927356607e-02
-4.953221792631069542e-01
7.106458522981792258e-01
-3.203864756738652453e-01
-6.496705907960633741e-01
-4.853417522698044717e-01
9.366331535243133111e-03
4.637984709522547933e-01
-9.090514207164923643e-01
6.763058474513725660e-01
3.959551190591610870e-01
-8.131394840726164919e-01
-3.652354462347823238e-01
-5.496769926988653854e-01
2.577156003075221635e-01
1.985199059695802459e-01
-6.051540172388727434e-01
8.151948853915930160e-01
5.057671216568504491e-01
5.494586103621728057e-01
7.661810077677674302e-01
3.267879192081588613e-01
2.056076434139192111e-01
-9.407205802324927202e-01
9.560126459090113604e-01
9.661234510828191624e-01
-4.720443743978481876e-01
4.204637866854172845e-01
3.599792003883819369e-01
1.238648845614946647e-01
-8.303392560111921838e-02
8.075212830163918110e-01
5.259020609209028585e-01
2.441358950310206222e-01
2.686403276864590683e-01
-4.394741397493152624e-01
-6.421128652941185955e-01
4.329365263991840074e-01
-8.532558140117909445e-03
2.372692685112877120e-01
7.192991874477672187e-01
8.177361732789156790e-03
2.379555656366258987e-01
-7.237014502267902216e-01
-7.848712276568080570e-01
-2.294192350638282196e-01
8.873209089135389860e-01
1.122441344269224928e-01
-2.623520192613462698e-01
9.413564076191793806e-01
5.880673854973961223e-01
-6.433485020547520250e-01
6.144649285506431635e-02
-6.145570545038497867e-01
-5.691491803714610054e-02
-9.165786350925663184e-01
8.320081339857366975e-01
-2.983125758665150506e-02
3.807972914276225307e-01
-8.745100556549856297e-01
-7.002577496742405927e-01
-2.817402825092931717e-01
2.707878904080734395e-01
-2.151910617259943925e-01
-9.013624560004507291e-01
4.904475081874626885e-01
-3.772394806737113804e-01
1.900893450785468008e-02
-1.278954316877221054e-01
-3.640235544377630195e-01
-4.034705188831334555e-01
-6.439141593199411151e-01
4.111190091964047610e-01
9.381347184820985063e-01
6.996617860341377559e-01
3.678684772761379174e-01
-7.449971964330337482e-01
-1.956305611838959901e-01
3.376744360587033977e-01
4.576752931749750175e-04
1.290882102065717962e-01
7.398496011069450873e-01
7.947348118333609213e-01
2.288270457002317126e-02
-4.526953192808243487e-01
4.544459215286394960e-02
7.552981691245634899e-01
-4.720886424944364945e-02
-1.280451406161954298e-01
-8.047580724791796314e-01
-1.199744430444208421e-01
-5.527433653436424343e-01
-3.339374235793997059e-01
2.409755404657938915e-01
3.778068280999691275e-03
-5.906508740427999227e-01
-2.870221899124246745e-01
-8.790903278935573439e-01
-9.739367979117938834e-01
-4.449542934202046496e-01
-2.105356174188459106e-01
7.626302246554066411e-01
3.649264593517866917e-01
-2.744911168450414607e-01
6.249524147092202497e-01
1.805543548829842415e-01
-3.312395425878606470e-01
9.271772742059682937e-01
-8.197544334758656293e-01
-6.370823879247510257e-01
-7.625795638808483545e-01
-9.581391185844008174e-01
9.386127375256834160e-01
-1.569901010115869189e-01
5.535937379034601147e-01
-7.595662201245305667e-01
-1.894856121541661498e-01
-2.397404227984758496e-01
8.780444053422221673e-01
-8.216337937104745137e-01
7.570274581128516589e-01
-5.479935202219541335e-01
8.704857666476001343e-01
8.863146616864561178e-01
1.605686702673991828e-01
-7.639729527615952698e-01
3.480275849249729880e-01
4.621271967114048973e-01
7.127154494039238397e-01
-3.809533847778583393e-01
3.422609440178102647e-01
-7.311024092976674549e-01
3.557132536873713891e-01
-5.333320808108117372e-01
1.544232173285475795e-02
4.520442660670146995e-01
4.378371994083541940e-01
-5.351877397146553861e-01
-8.382195299788420817e-01
-7.476420575456732553e-01
-8.227797299210659610e-01
-4.678336855752614487e-01
-5.554555363391826539e-01
8.569596344371551710e-01
9.176376099197136593e-01
8.657926896851696474e-01
-8.861167126939880623e-01
-1.770327497006558559e-01
-1.969139152889780031e-01
-5.492027237133896289e-01
8.505319529049865102e-02
5.654954475232942812e-01
3.050117072130590912e-01
3.011489107069287297e-02
-4.866552924307844807e-01
-5.290031354655506668e-01
-6.934266671107975899e-01
2.475393356038037840e-01
-4.020109000421979162e-01
-8.059196457239937716e-01
1.838730952792564100e-01
-2.391247811834070758e-01
6.148922749360472562e-01
1.945856058823594026e-01
-8.824217922251798019e-01
3.806894722684406318e-02
-1.431169687407733704e-01
-7.426811521153231510e-02
7.941336181064442279e-01
9.937978785290288997e-01
-8.351739536024442856e-01
5.405401993909376701e-01
1.989949400591211059e-01
-1.343443555320722460e-01
7.547740626229497707e-01
2.945766410051308126e-01
-3.346681573685221789e-01
-2.335426602934977947e-01
-5.946219850779546623e-03
7.415989605784453209e-01
-8.216055755853096665e-01
-7.679876290602158928e-01
9.060482922609358614e-01
1.195388944786224261e-01
-7.953789691216739399e-01
-1.314940194114473937e-01
-7.876088649012277232e-01
-4.396727489918572651e-01
4.657139356881809245e-01
-8.421859477500337476e-01
-5.798386662575432116e-01
4.097961140811631209e-01
7.515698501560210687e-01
5.038291206933671607e-01
2.509039103043021468e-01
2.954069350045244180e-01
-6.534735688038946499e-02
2.106260288126479696e-02
-6.446266889473062367e-01
2.445031113262581823e-01
-6.553899462029610934e-01
4.676129137309007477e-01
9.510625534563269534e-01
-3.065001026738172207e-01
-5.045870417636321159e-01
1.369294339316274312e-01
8.853818428951687469e-01
-2.309524660463326273e-01
6.724607068908791119e-01
7.500810446221186645e-01
