-6.284546497050795821e-01
6.650261869628633082e-01
-1.256356690010923538e-02
-4.387197274945351388e-01
2.463628940251822996e-01
8.481553155565639823e-01
-2.479591614859743276e-01
5.262226734188111266e-01
-4.299017702588251999e-01
4.885614518152734953e-01
-9.747167345019084328e-01
6.048281505199540886e-01
9.725343632541897376e-01
-1.482681771947811922e-01
9.942618083911874960e-01
-6.887816506895320101e-01
6.361614296240347688e-01
-3.044405427870514602e-01
-6.922768805622334654e-01
2.210499942289975150e-01
-1.005288842010636230e-01
-3.245349258432481676e-01
2.958976550066999556e-01
3.391612805413394272e-01
7.968592146089463757e-01
7.160583257113034561e-02
3.318835722898361151e-01
7.722304993478843471e-01
4.989912905660810472e-01
-9.014708868691352350e-01
9.407656606458562054e-01
-5.514579483406987226e-01
-8.253480066944689497e-01
-2.687688801192040233e-01
1.351133101793010605e-01
3.696789940574662231e-03
-7.077698413071501493e-01
-1.561100738239359909e-02
9.481510916622466478e-01
7.511456398618172881e-03
5.743047350340654139e-02
-5.619558418975970637e-01
8.135438112136236244e-01
6.986377792147616672e-01
-7.192186216200863180e-01
1.459055191461919587e-01
7.081097022405858921e-01
-4.548997777011173915e-02
-7.932821775261570396e-01
9.310090893410993829e-01
4.730782291633465197e-01
2.035145988851572163e-03
2.264523144457922799e-01
-3.739575613965084866e-01
8.481811213921456316e-01
9.741942341305801500e-01
7.237230737494468880e-01
4.295040089745563727e-02
3.434940952414101689e-01
-8.333173968450799940e-01
-2.008231096729150011e-01
-5.976180262679756661e-01
-9.297862491935395823e-01
6.393751428191114528e-01
-6.537057105089820741e-01
-8.364968476340088888e-01
-2.063101210942900055e-01
-2.635475485393736772e-01
-5.555850899039901369e-01
5.998993740787131879e-01
-8.100515610514028575e-01
-8.066818428355752857e-02
-1.831925582594858548e-01
-5.350500161890501261e-01
-7.048667203574452422e-01
-4.605063795548672290e-01
-7.173870011744885034e-01
-1.871084892890495510e-01
-6.857216119003257671e-01
-9.355798759843800827e-01
-1.853803710240000679e-01
5.291657455234264340e-01
9.180136395221223378e-01
-8.271193234746293532e-02
5.843636364703030939e-01
-9.531353968669249443e-01
-3.406252822208416520e-01
8.989249947179305256e-01
-9.960848465438505439e-01
-7.252953677323948911e-01
5.676906683641237406e-01
8.378626853403221553e-01
-5.908837791950658502e-01
6.452775762919550351e-01
-6.918980796379995413e-01
-7.362936102111514725e-01
-6.777129615586764411e-01
5.267343605587694322e-01
1.973419151595716126e-01
4.881856144555117849e-01
1.805299532870385804e-01
8.982656953113955511e-01
-6.932711733451646374e-01
-4.944762088100937980e-01
-9.761111098262207353e-01
-1.010981951295190362e-01
-6.347355059003672029e-01
6.679045369632506945e-01
-5.624559324341132927e-02
-3.473908460938689990e-01
3.564753037201699726e-02
2.155783168751255335e-02
-1.358820669589955732e-01
3.462072590726087418e-01
1.404510955783756232e-01
-1.667063120660533249e-01
-4.589208187621324764e-01
-2.210278291403227069e-01
5.695676573475796367e-01
-4.859158904718633987e-01
3.919047976767595642e-01
4.702470991617105911e-01
3.175363465914567973e-01
-7.995362624072481772e-01
9.611164356431414202e-01
-6.247117297427335902e-01
-6.594732481873227803e-01
-2.334307105802229665e-01
-6.017707305533784856e-01
7.238697684741841609e-01
-3.422523874082777917e-01
-5.586900167289216013e-01
6.496595213935107971e-02
9.831047057187959348e-01
7.543808795991840954e-02
7.045760852950825326e-01
5.617362657127986658e-01
-8.548158954286997346e-01
-2.351277277147689748e-01
1.964489652771058692e-01
5.173384750699032697e-01
-2.768659100183633037e-01
-3.466304510600086153e-01
8.026796229128396742e-02
-8.719168376502206552e-01
-1.229631695579423423e-01
7.586088632343446214e-01
-1.134332235162823499e-01
-9.120139082673555109e-01
-3.943765623465167458e-01
6.789364697976090213e-01
3.603726191989424787e-01
5.562801281050634428e-01
1.181124658377841197e-01
6.673144191940942882e-01
-4.874120659236030328e-01
1.922155907800221497e-01
3.385369064454085697e-01
3.678094213996760953e-01
5.629809962088632158e-01
1.675012734984221430e-01
9.740099856978821080e-01
5.517307137424993790e-01
-6.779556356640211723e-01
-9.350782464882509970e-01
7.980866949884071193e-01
-3.483721396545658711e-01
4.738671649812601916e-01
-8.534913855432467444e-02
-8.257858547786545156e-01
-7.704703283341655107e-01
-5.030884053502427955e-01
-4.727970765141570331e-02
1.194108081187103543e-01
-4.000335611069363306e-01
3.476678510367793296e-01
-9.863831142651933170e-01
-8.436426083762382788e-02
-8.209150903981043967e-01
1.467010898309884515e-01
1.732253759308036156e-02
-5.586850497141706562e-01
-9.181959052817936229e-01
-1.623218572510577024e-02
-8.760116005698586061e-01
-5.990479742050580647e-02
-8.441416429932983023e-01
-5.598765704218984229e-01
5.916147392698120067e-01
7.068513553764601554e-01
-8.507940076446272037e-01
-5.847648317217924996e-01
9.729097196829312733e-01
3.619178532386655989e-01
3.119784393055565763e-01
-3.313899021894111119e-01
1.230471200366151652e-01
7.605428019277423735e-01
6.394287758726717730e-01
8.771957015252330736e-01
-3.243314345582851699e-01
-5.137721783345027271e-01
4.062464881779783710e-01
-5.257137583023897554e-01
9.784019893899041920e-01
9.194892005899290011e-01
2.323079445566777201e-01
-8.333788289751034029e-01
7.840676611503157867e-01
2.151631583727394159e-01
-3.097905673089155765e-01
7.096933652240748902e-01
8.646616695676788700e-01
2.289811841832376238e-01
5.148056583631274163e-01
-7.054036041691931214e-01
-2.910461891477388319e-01
-3.061268572179681735e-01
3.743239343452033907e-01
5.565716600518744173e-03
8.714602908476583032e-01
-6.061121574418084634e-01
-5.698662936346890473e-02
3.094533811951938884e-01
-6.837538494533303979e-01
6.875719594117084554e-01
5.800266897346777473e-01
8.957627683988025336e-01
9.659142597171324063e-01
2.488752656653552831e-01
-5.731898911727616452e-01
-5.060531324529994324e-01
2.407128818769277423e-01
5.816428073355445205e-01
7.625957308560693537e-01
6.734578334051144477e-02
-9.285123964338208857e-01
2.555119628080784189e-01
5.993307132365476297e-01
6.629646909500110930e-01
2.089218811599108383e-01
-6.338183727354382846e-01
5.089141841664008847e-01
-9.221670049284519388e-01
5.860376841287755489e-01
9.373237493876871440e-01
2.651819560402479681e-01
-2.733882931553288653e-01
-4.111350176405850210e-01
8.877187594136217719e-01
-6.568224842288745702e-01
-7.782483261655526174e-02
-6.532363332250077370e-01
-4.872839747959600287e-01
3.871911449659969362e-01
-8.592740031036437687e-01
-4.533910133084094740e-01
3.927609258092837896e-01
-8.572859672599892900e-01
5.101156990833055627e-02
-4.060900419612328838e-01
5.854301774520056512e-01
-3.648296064906113578e-01
-8.420243591623834123e-02
1.742641162264705335e-01
