8.379556197751462099e-01
-7.966656654907876556e-01
-7.832157385034363983e-01
8.604090914729897177e-01
8.902805940937115192e-01
-5.923678335581429311e-01
7.910499233910186501e-01
-3.755544817486883291e-01
2.558946650289195546e-01
-3.839539685454121942e-01
9.301916414767270602e-01
9.920742009963408048e-01
-5.700145436354782102e-01
-8.322514172468892246e-01
-3.794234693217571897e-01
-8.681374643332113727e-01
-8.543144096670249876e-01
-7.098152856692054868e-01
8.397366058502346853e-01
-2.702267764860634136e-01
-1.558978570131447916e-01
6.042057313289327380e-01
-9.670985514087682144e-02
-3.641630360756764051e-01
5.711782814272562403e-01
-2.553972634499840910e-01
1.265870157718386180e-01
6.503894612070528769e-01
-3.268830424002821533e-01
4.310326814259303196e-01
-3.034936567311623534e-01
-1.053909110543942984e-01
8.935096294113877846e-01
-3.568189567277469942e-01
4.521193358549116526e-01
4.628227461693820155e-01
2.646828748686496091e-01
7.942254810505174900e-01
3.914323522563054047e-01
1.461431781427515730e-01
-5.011096737482940711e-01
8.051917387513555235e-01
-8.994735815716706773e-01
6.965860628817264200e-01
9.353769346849507560e-01
5.999889173249731700e-01
-8.960711182020453247e-01
5.910763873728902551e-01
4.052450507699404403e-01
1.675277726179600357e-01
3.282876193203517756e-01
6.232999625165264179e-01
-5.923724787137278902e-01
4.643219920371028375e-01
2.479469947622523485e-01
-5.878830757620547853e-01
-3.689803408509684246e-01
-5.532926539298187452e-01
-5.997920427831493484e-01
2.036452509194429661e-01
2.673918991010066915e-01
-8.022835065437453617e-01
-9.731559443045623148e-01
2.416918489562999983e-01
-7.526924768099085838e-01
-3.909748703901915201e-01
-7.168284139852918457e-01
7.121066864049842016e-01
-6.086546876174977472e-01
3.949290606270324244e-01
-7.908250878005881335e-01
-3.675178960136768480e-01
-7.273270624880301405e-01
-2.678789113896034024e-01
-3.269035595486824430e-01
3.024315997139040979e-01
7.627910005904073865e-01
9.468588678277022330e-01
-6.699404860374055248e-01
1.817553159568051913e-01
-8.234248004715614133e-01
9.320490125734448572e-02
7.713087387711090592e-01
-6.147019787731415885e-01
3.794825699868890068e-01
4.372555755840852321e-01
3.486435181778111403e-01
1.416306645424830757e-02
-7.666744758934973536e-01
-9.426921509942853827e-02
2.409348694371125643e-01
7.572536938329441636e-01
1.934162270468653411e-01
-6.870015633667161392e-01
-2.655515357959448708e-01
-1.138627494652482142e-01
-1.298545875459160837e-01
3.869528231551890851e-01
2.387753413178192452e-01
-1.936018908006013617e-01
-8.582876861392129131e-01
2.877661878696397002e-01
-1.259810932788707483e-03
2.272226812778944394e-01
-3.193786298829299347e-02
-3.652453973378492202e-01
7.555405952605391828e-01
-2.845959840388128520e-02
9.500829736508361600e-01
8.117858680772286339e-01
-6.616761433061830733e-01
-3.518006143523452200e-01
4.720656298876073631e-01
-2.197766056985966387e-01
9.985056306896116229e-01
-2.658541500169130101e-02
7.312849181246112718e-01
-4.040925064566109337e-01
-6.305541445877897999e-01
6.734397062345091056e-01
-9.005548860200220940e-01
4.640041405514584993e-01
-3.375629677434416331e-01
1.435769302750860565e-01
-3.791715893595217768e-01
1.271575161525996811e-01
-1.090514787907304467e-01
8.022418606461826363e-01
1.412774999120191000e-01
1.238500240661077889e-01
-8.390467914458015208e-01
-1.653187937073782865e-01
3.616811950595836822e-01
9.385745727603785893e-01
3.635121545640064289e-01
-3.882582280263130459e-02
6.555958569766784372e-01
8.271053456973773699e-01
-5.720947507366899165e-01
-4.225127648613398734e-01
6.368964362929941947e-01
1.308082171281677863e-01
8.483903732146460541e-01
6.502030552920144979e-01
-3.515548782857062793e-02
8.839363052546454422e-04
-2.336375526286281201e-01
-8.434707102968920234e-01
6.019068454585274619e-01
-5.630147628008054239e-01
3.473807988977465344e-01
-3.468192883038845320e-01
3.741417044914651102e-01
-4.969019024664483863e-01
-8.040870923044118879e-01
-5.109871742223270896e-01
4.784964204500392615e-01
7.312875424529646784e-01
-8.627603551221346700e-01
2.640208387939666501e-01
-6.071648575120145580e-02
4.272250395315204674e-01
-1.105552867000364481e-01
-8.193516061012271479e-01
-3.673735498376893283e-01
6.415588967335469350e-01
-3.609391357643365605e-01
-7.452944025035683484e-02
2.731567452280985187e-01
9.055774079949725497e-01
-3.404356520763371363e-01
5.655607948013285924e-01
6.380553752830901981e-01
7.496823399084058259e-01
-5.584834594888212628e-02
-3.573391348051829786e-01
6.175094865234278529e-01
-6.301361656056481131e-01
6.821083070764020206e-01
-2.413925600113298597e-01
3.326023217696217338e-01
9.434937503154601224e-01
-2.167920140489607850e-01
-4.886986744887475975e-01
-9.465685507350456440e-01
-4.720354297076024275e-01
-7.715284862086262407e-01
8.027372505708558759e-01
-5.828375323899177562e-01
8.747614172552817813e-01
-3.496648893097258903e-01
-6.126032813281914180e-01
5.028253387435757116e-01
7.256335269353044737e-01
2.477510950495380171e-01
6.781225933789335469e-01
6.643965652597431104e-01
-9.894443376622544806e-01
-5.696955883683529898e-01
-3.578538587088521683e-01
-6.625225731499977400e-01
-8.786468635919442161e-01
6.279289749195759995e-01
-6.940082384702194185e-01
1.895160054400099048e-01
-6.522987005496205803e-01
-3.806358516332807862e-01
3.231542497499458877e-01
2.024764626119379685e-02
5.783903652765607362e-01
5.886358653206418268e-01
-9.096965921720852055e-01
5.968531297226791210e-01
-3.335506716154110762e-01
6.968328348442170972e-01
8.106738009874101536e-01
-1.567393937247306412e-01
6.934539573026115011e-01
-2.331501764192882853e-01
2.925339021318177912e-01
2.037771788617326052e-01
1.280507640791286872e-01
6.409724267319992785e-01
1.402179301436023429e-01
1.046019395716555334e-01
5.638863747393561832e-02
6.636106189894848129e-01
3.949209093624224676e-01
-6.576337798949070113e-01
-8.748628655223400497e-01
5.692578071105727222e-01
-5.013023491438647894e-02
-1.924844539565273294e-01
-1.768034384708799256e-01
4.006315963777955513e-01
-9.681906314133735814e-01
-9.393302285668420071e-01
1.789460383662784260e-01
-2.934820371961308072e-01
3.774680647568515179e-01
1.107884216064666943e-01
4.601459509175139795e-01
1.512966846558732870e-01
8.754189440814778012e-01
2.968185308362941144e-01
-9.969477425162155404e-01
5.156651558455225270e-01
7.469860771074704475e-01
2.509378071596778947e-01
-9.919325554108403553e-01
-2.093478048950918047e-01
7.242157659693175820e-01
8.756670511080075769e-01
8.614884451948375821e-01
2.051209233135234955e-01
1.108010453581077109e-01
-7.575772017699990979e-01
-4.152236981827738815e-01
3.359573515278643785e-01
-4.911199793751636622e-01
-5.688846773936229173e-02
2.770597879178343659e-01
1.496259324546909686e-01
5.931447406311826098e-01
9.206440785699477880e-01
