6.621299522828376638e-01
2.300835829770742080e-02
1.866511494144769134e-01
9.684347250480154212e-01
3.636028628031795495e-01
-8.202862196925886362e-01
-4.116034309983915840e-01
2.956325680255744714e-01
-6.572968468888136240e-01
5.774811087702551582e-01
-5.155629770170017112e-01
-3.485573257515661716e-01
5.496465513899533306e-01
-7.066093367761840938e-01
-2.247160430863344160e-01
-2.876526159064428656e-01
8.134868159346323457e-01
7.595373066192208089e-01
-6.994190343650741326e-01
-2.113684018575661683e-01
-4.337989961303542752e-01
3.770191280212926710e-01
3.854482209380445390e-01
-8.274524484100036492e-01
-5.959269644292211066e-01
2.650239593953835904e-01
-5.699841752393524086e-01
-5.591282421560728189e-02
8.748172699378782280e-01
-4.800975004252310274e-01
4.734928348352140937e-02
-5.560624806122971275e-01
-5.465570417984499940e-01
-2.098500055108512008e-01
-3.219451263529833351e-01
7.072604950230763077e-01
4.155408497531243306e-02
6.935281213166775149e-01
2.270978943372998771e-01
3.474285229177278556e-01
-3.162711085793392662e-01
1.204154142271482986e-01
-1.434261636097876602e-01
-2.147659090797136017e-01
-5.908420600286456992e-01
6.602305336816376435e-01
-3.689687622055262128e-01
3.936027483208030114e-02
2.316373692913071825e-01
7.478564141160530809e-01
-2.762079910704944297e-01
8.947672746290500356e-01
7.824525152137580264e-01
-5.956020198897942208e-01
7.203583996963021097e-01
4.512323096022166080e-01
5.756620267848981953e-01
-2.876279623456539092e-01
-7.019120117721326935e-01
-2.872316180089951043e-01
-9.767718788064039259e-03
-4.699708085306977257e-01
-3.853339686175565326e-01
4.784762116679432964e-01
-3.585789757492157115e-01
-7.787972403154759249e-01
3.340903543554021304e-01
3.538890570024839644e-01
3.987240892399550596e-01
6.959714335933986362e-02
3.557381245276098891e-01
-2.543984746078997716e-02
5.982634121128365123e-01
-1.747656549812455218e-01
8.196980151752717436e-01
1.474558738644771161e-02
-6.743666367179621535e-01
8.011333506725424325e-01
6.247404598188666114e-02
2.313137711205464075e-01
7.364938966891274585e-01
7.894912612434241694e-01
6.163859878730945097e-01
9.000835692068736016e-01
-7.315317160773655569e-01
4.438308703468379357e-01
-5.048999935512169523e-01
4.192124265514677872e-01
3.919331699074632969e-01
5.942775439292802275e-02
4.633506494895214267e-01
9.494738905359201286e-01
4.576486821868668287e-01
8.250109411838466578e-01
-4.807989660634273132e-01
6.532340843524035989e-01
4.745163902943088097e-01
-7.704589421709200359e-01
9.410480862783663358e-01
-5.335876163251438431e-01
-7.604643788880083299e-02
9.574282675530456643e-01
-5.047374527054042659e-01
5.120702637245517774e-01
9.094534061800294555e-01
4.703609082814003139e-01
4.443947246392685457e-01
2.576254608945309776e-01
9.316077744199198207e-01
1.629367683919276111e-01
1.601193086741679317e-01
-3.737402602111645766e-01
5.630941722329443344e-01
7.371522433078678826e-01
1.384319314483855035e-01
4.397447957354816417e-01
-5.810689386663181466e-01
4.949035538569994674e-01
-1.414480089433478582e-02
-7.176991349181391922e-01
-2.448548010686879550e-01
-2.916990729310748875e-01
7.467905845652365038e-01
-3.006455715852723309e-01
5.772508732760799344e-01
4.327748835173634845e-01
5.711031752686330787e-01
7.163452614068608337e-01
-5.160749791975138834e-01
-3.464336078840224431e-03
3.794265556351428259e-01
-5.452670235463730197e-01
-2.403593271013915178e-01
-4.222697394760246414e-01
-2.479233171838230998e-01
4.852640094830804607e-01
5.485982171033596533e-01
8.859356964373101828e-01
-9.097373103590014054e-01
-3.772642160472129969e-01
2.332923676247506961e-01
7.687584453636013837e-01
2.397799824367210508e-01
4.327169105668140503e-01
6.130976089427107034e-01
4.499493122910289689e-01
-5.203441034144609123e-01
9.104428618352728986e-01
3.651045283963980648e-01
7.966082298160319652e-01
-4.235255271593718618e-02
8.967577726556610340e-01
6.911526529291320831e-01
-1.464139817547578382e-01
5.849001570828589180e-01
-6.909675085965463204e-01
-7.046264149554628542e-01
-7.052917341027866716e-01
-6.852196559310885782e-02
-9.325598258685527941e-01
-1.000448686273998078e-01
-8.110464223767466230e-01
-6.464353580118786802e-01
7.043293651682815959e-01
-8.926532018494492959e-02
-4.332846852985345887e-01
4.551496595981927573e-01
8.769405927895370656e-01
4.773070520430251484e-01
3.490576603138562106e-03
-1.068796838138215133e-01
-9.536730348967681348e-01
-2.330657490714238556e-02
6.305275045429383773e-01
-8.334199581246979349e-01
3.535100505685508931e-01
-3.052100666803665430e-01
3.251637083626317537e-01
9.701062420742767589e-01
-7.530315261012066053e-01
-1.542556076696466327e-02
-5.040622043321320300e-02
-5.622014291434643818e-01
9.740038420233663174e-01
8.966858414873590810e-01
-3.128715556359147332e-01
-3.654564571158003261e-02
-2.228753659113578145e-01
9.144623704931866826e-01
-3.225741828939978489e-02
-5.319054818059254508e-01
-6.869727251542416813e-01
5.238369886165943345e-01
-7.214751633355442895e-01
4.161838694839570252e-01
-6.073635169265112488e-01
-6.830924153963309209e-01
9.569761448359217493e-01
9.856495954001436299e-01
-6.068382360527277974e-01
-2.687501531021696533e-01
-9.697745670176276533e-01
8.154725914800633468e-01
5.071754969859969542e-01
1.790879877586259994e-01
-3.725058600029458322e-01
5.031809664687905137e-01
9.922146757822398744e-01
6.116179437570814503e-01
2.544337508998579800e-01
-7.672462056727282764e-01
-2.053121184126922572e-01
-6.427515340142135880e-01
2.608288019159216153e-01
3.718253568633167472e-01
-7.595001467478876833e-01
7.648692287580094451e-01
1.014384524246809693e-01
9.319060114082666768e-01
8.501061383747943179e-01
7.563796856363480536e-02
-6.848505421310995267e-01
-6.883831567138385399e-01
5.490913936185599642e-01
-4.976719024949094461e-02
-8.085483548138219234e-01
-1.693825859318651705e-01
4.144051178628136434e-01
2.647777007454585885e-01
-5.770357846905411758e-01
5.742186864264071655e-01
-6.712006377628561005e-01
6.377940042323704262e-02
-8.512449570255053999e-02
4.134153272610354701e-01
7.085064707710535536e-01
-5.436690830869517210e-01
1.431001166807950309e-01
2.494949588588069034e-02
-6.991403490774339424e-01
2.177769958269708539e-01
4.635456579334771288e-01
-8.235695368001791916e-01
4.866056062696271223e-01
-5.288000636847300928e-01
8.787552225614219115e-01
-5.164231957198088807e-01
-6.754179493066205797e-01
9.694331711138292063e-01
9.050357690301813474e-01
9.672128495854834807e-01
6.188872339363153952e-01
7.575361191651555082e-01
8.099450349355630241e-01
-8.839984081183394071e-01
-9.828226388888311460e-01
4.358294898200918421e-01
-6.119047492339604322e-01
-8.538010871196921592e-02
4.164266488753869400e-01
3.166161482851315156e-02
7.840504267044434705e-02
-1.950022894779894767e-01
-4.187470237250221494e-01
6.352393011098904640e-01
