-3.861389001211587013e-01
-2.008631958596613920e-01
-2.304048515486636362e-01
8.906468430090849209e-01
1.312274454883322061e-01
4.049829746820602927e-01
2.513635546907974083e-01
1.056402324487096533e-01
3.411554512213823553e-01
1.684967356949831907e-01
-7.548867999870276790e-01
-7.815528262522533076e-01
-5.392757722890895167e-01
2.522190635018437543e-01
3.373655447638450600e-01
1.929719466702384256e-01
8.156316574536056629e-01
-2.668105833700636920e-01
-2.682442953781603578e-01
-9.141458953537671128e-01
4.752332269634907402e-01
-8.263780589599034609e-01
-2.973473920776254498e-01
-6.961545076810486954e-01
1.500413782798039608e-01
4.252882910600710442e-01
8.219822373182696928e-01
4.128728095845968227e-02
8.965038904125920416e-01
-4.739320648524544821e-01
-7.523423026413549319e-01
2.600799259099774163e-01
7.491386867915080794e-01
-6.066383397652752585e-03
-8.687740225966016361e-01
-6.018832405777544414e-01
6.497023392946565945e-01
-2.262510698212492899e-01
3.855893587370995412e-02
-3.384644341912212973e-03
2.616876284459565549e-02
-8.734517884013772715e-01
-2.221744032285810633e-01
-6.378724958785211285e-01
4.451160740818034811e-01
1.140483806989511517e-01
7.574433437144874048e-01
1.195908881011240044e-01
-4.323124204307531859e-01
5.184832051562116018e-01
2.568658240447108110e-01
-4.004138926698738721e-01
2.628993708005712415e-01
2.281773742184605158e-01
-4.541040833319121006e-02
8.961573841865897450e-01
-9.701525924491973818e-01
-4.950741845559487042e-01
-2.618987706202041688e-02
-1.950437207168623788e-01
9.202492843660006194e-01
-6.270367850986716673e-01
1.970297296979493795e-01
-2.629955353802296836e-01
-1.318009935744277605e-01
-6.418992934056930721e-01
8.582710682832810356e-01
3.993842701946592744e-01
4.914056213740358725e-01
-5.785649352567878712e-01
-6.005213814523906457e-01
3.873080873821225234e-01
6.037752097444100130e-01
-7.442958427081141082e-01
8.919336428868716027e-01
-5.272793452792746693e-01
2.485597180417922214e-01
2.436636009649287560e-01
-1.126788122715616236e-01
-5.978437399328918600e-01
2.006207311449434982e-01
-6.530682487028773853e-01
-2.489867979582493507e-01
1.144052889438755827e-01
-4.378255629871261045e-01
-7.726825040260163480e-01
8.983051080606335725e-01
3.424455353194044704e-02
-6.888262009265412322e-01
-4.948478936465831035e-01
-2.568139940792493747e-01
-9.584680990037794945e-01
9.755028471161903969e-01
-7.918248347215843808e-01
-2.523154715847224505e-01
2.826414900711980982e-01
9.962488292842805460e-02
9.831583195239361750e-01
-7.489760307822157515e-02
3.013894205973707829e-02
9.162352675972225136e-01
-5.010843549256295271e-01
-7.589828851979577573e-01
-8.139243887359717267e-01
3.363561947082681636e-01
1.988757947467736931e-01
4.517909586552708578e-01
5.175542340282801579e-01
3.270625474069460692e-01
-3.135903073677216435e-01
4.444425255159755415e-03
-1.785585739428685592e-01
-9.257633717590095790e-01
-3.529552221796090627e-01
7.010184541349651077e-02
-6.543695869994458070e-01
8.808722273804313607e-01
9.349695436683569394e-01
-4.986546535859226470e-03
-1.141946335913635591e-01
-3.369867812373755211e-01
2.766878069538849516e-01
-4.982405560659237675e-01
-1.389483202008452989e-01
-8.011036711925367815e-01
-9.982367374211351674e-01
-7.498143711618922014e-01
4.325455795769014844e-02
-2.062090222225872460e-01
1.969646586682531897e-01
-9.111609879006632440e-01
-4.469384276741932283e-01
-9.330240344735786229e-01
-8.022603342223543210e-01
-6.825744988468862573e-01
-1.412541714454778607e-01
-2.285040073573197383e-01
1.384363000211382144e-01
3.242370478884756824e-01
3.342126106818288367e-01
2.762652485051033668e-01
-3.545202284590525110e-01
-2.478135561776685925e-01
4.894483196188260665e-01
-8.467453326966292160e-01
4.441569223785168941e-01
-7.926994658870362143e-01
-2.385827915641574037e-01
7.721690038195525019e-02
9.948569424721149801e-01
-1.183581915057584089e-01
6.282470342347833414e-01
-8.909975251503994276e-01
-1.772025741806611612e-02
-3.353339722342474349e-03
-3.134558519468121363e-01
-8.834097538554699369e-01
-9.315943208715571355e-01
6.565301718933513886e-01
3.842863367155319176e-01
-8.076400868950532885e-01
-3.458303048286440751e-01
-5.914435044913388673e-01
8.894524008997485576e-02
-1.855620277506744853e-01
7.078614068726969411e-01
3.427624248694089992e-01
-5.323286265233083403e-02
1.505189156300501263e-01
8.866554279733800392e-01
-6.926907740558458926e-01
-9.623320647378057480e-01
-5.708663343141846536e-01
3.547268988852139149e-01
2.607980569446048946e-01
7.548210505010646276e-01
-6.398859473137517018e-01
7.472237134982957496e-01
-6.232659886175342390e-01
-1.092177902080262858e-01
-7.911662454154094748e-01
4.366960147197295194e-01
5.488040682359911493e-01
3.612410918376601776e-01
-9.170040131611920664e-01
2.682100698554871210e-01
4.009327715643160595e-01
9.597420102284455190e-01
-9.831341520753305030e-01
-9.633137568576287668e-01
-1.345006472778556006e-01
8.577459203646605745e-01
7.126877744684336768e-01
-7.188281206435669368e-01
7.380063648175314572e-01
-8.028128434284407255e-01
3.398143898885102043e-01
2.763350298870959065e-01
1.242208755587517199e-01
-4.983488694608712577e-01
8.366378801532359244e-01
5.220783708353072816e-01
-7.343953199456273451e-01
-4.541881680695682433e-01
3.152265152199087428e-01
-9.924623919449354625e-02
3.698498917305291234e-01
-9.577182591925247068e-02
-4.841235472267221840e-01
-3.190556727358799805e-01
9.265417093143213378e-02
6.792447173017470696e-01
3.031578484310903376e-01
3.163886378123203502e-01
9.272427346206089105e-01
-3.313754986488547938e-01
2.366719527606938600e-01
-3.420001382153184388e-02
9.957337630677738360e-01
-7.916920269224896334e-01
-6.614261881493743722e-01
-5.190186752894182520e-01
9.514922814138785379e-01
8.645980648379452127e-01
-1.413106110589268383e-02
-2.681823535456794305e-01
7.514047320408256958e-02
-1.184477986272325367e-02
-5.909123631659880527e-01
9.616725029751305165e-02
7.698411015655168832e-01
1.631563376559291845e-01
4.682830567090049412e-01
2.829221581616626069e-01
-8.040554778191020269e-01
8.918209318626326709e-01
-7.776249908876178285e-01
-8.271704999353635124e-01
-1.320630500821009523e-01
-9.401855854500039689e-01
9.074256209586825106e-01
-3.581233132708861455e-01
-5.929952656085077933e-01
1.125007669567040514e-01
7.375690146421802762e-01
-5.084941742421072997e-01
-9.705578292554711828e-01
-5.655785017171475193e-01
4.678445428484457325e-01
-6.721362983595901008e-01
-5.700653814761271754e-01
9.717071191050652423e-01
-9.624343328403550668e-01
1.358632548802164441e-01
1.520156936364825129e-01
-5.786453763834007447e-01
-4.305132239180033404e-01
-2.256488786068482355e-01
4.692106854117790160e-01
3.802390058628271063e-01
1.025369392742718766e-01
3.615887796180372593e-02
-4.729148051248152074e-01
4.843042011161923788e-01
8.835011060420472351e-01
