-9.372791964026114808e-01
5.123579677008072153e-01
-1.111277043542246122e-02
-3.941538726475169452e-01
-6.123063943074485982e-01
5.460238833098109978e-01
6.095076844779315772e-01
-1.402292733210427356e-01
9.794117939971397346e-01
2.971587864346717997e-02
1.746070561513762553e-01
-2.592967854203245270e-01
4.388313828848339204e-02
-3.522037658123787773e-01
2.944744738071231049e-02
9.751659609218286118e-01
6.850863371711473082e-01
-2.849623341449724068e-01
8.480723618336104552e-01
-4.792306175710137062e-01
9.471939873531315390e-01
-5.058799753072058536e-01
9.481338216827882581e-01
9.126491414154639381e-01
-3.442458464182497346e-01
-3.373641520713915321e-01
-6.582030929988649248e-01
7.050181249415324869e-01
6.749953103943564514e-01
-5.787707859724273707e-01
-6.604447036329896825e-01
-3.136074492929700197e-01
5.871908990741734474e-02
8.169546204313594684e-01
6.319269443957533650e-01
-2.360044058715311810e-01
-7.627388447614985578e-01
-9.332566365077655801e-01
-6.647167863472324134e-01
4.773721203457205187e-01
8.331779302950987898e-01
6.056444167643071363e-01
-4.144104307115870078e-01
9.566332720830784675e-01
4.525952805923535993e-01
7.949277357085322571e-01
1.339052286948108905e-01
4.417577695996227627e-01
-8.315615184768256896e-01
7.371505980213889364e-01
-5.611820983187276735e-01
5.663600866178177817e-01
-2.713477003323243597e-01
-8.315463855315096131e-01
1.662032920112874734e-01
-3.406074410068487546e-01
-7.800489321660186715e-01
-8.051723052578234618e-01
5.024487529296332022e-01
-1.450480766815964440e-01
-9.795000544362699735e-01
-1.505623426214198479e-01
2.332336198176123421e-01
5.811881077619033276e-01
1.055941230740726489e-01
-7.416119149301830804e-01
1.560556893561417524e-01
-5.304181822734223006e-01
7.574516213970531320e-01
8.342494522767012199e-01
4.685669200516585087e-01
-7.814444428978830626e-01
7.507224050621240652e-01
-7.352266909694394892e-01
-2.118298182557182274e-01
-3.320841213096157873e-01
2.857496565463185645e-02
-8.004132379056964064e-01
7.963119756698950891e-01
1.411957526203410362e-01
2.323685854822614694e-01
-4.269801185911209496e-01
-2.699497361205175916e-01
8.372400904730563642e-01
-1.295669368283014836e-02
7.632577281288674409e-02
2.435970907989153666e-01
-8.522992429666481629e-01
-5.402151863146468364e-03
4.526780969946888056e-01
8.071025219995009437e-01
3.285915131043015691e-02
2.269914123135969020e-01
3.512014054365241167e-01
-8.071678112563698271e-01
3.051003062790186848e-01
-1.480419943895703028e-01
7.088801469599036453e-01
2.092690516754304730e-01
6.045880702811764484e-01
4.773678164462758500e-01
-2.618756825976574221e-01
1.251721502355543914e-01
2.062174860539737198e-01
-7.722156069373747878e-01
5.449455123988314886e-01
-1.322574957300738374e-01
-4.289839443922327522e-01
6.120131139167852563e-01
1.219927536115606448e-01
5.117276879071588902e-02
4.935213939629392588e-01
-8.755141060145235077e-01
-6.724194591023496814e-02
2.763355801777843679e-01
8.067724502896281846e-01
-5.391886628912756496e-01
-5.467289831766264374e-01
-4.572336176289564236e-01
-6.940201920328182839e-01
3.050523280047598429e-01
2.586019505536735208e-01
-1.048479383739289450e-01
7.478720070965497735e-01
-9.609478088232787929e-01
6.482611038574523921e-01
-9.284204375059218473e-01
8.284988059571669616e-01
-2.241765959550862941e-01
-7.156717368658195300e-01
5.984694304499465350e-02
7.339301998482733458e-01
5.735901982496860452e-01
3.060528237198437695e-01
-3.127585314422467455e-01
-7.022810213697524562e-01
-6.638970697156626466e-01
-5.444027855168303009e-01
-4.271323067224145342e-01
-8.738073877115567489e-01
-5.273982690195960082e-02
7.201971406103783169e-01
-2.329895643729592847e-01
7.733082097097297991e-01
2.219297538549544480e-02
3.803175492946964664e-01
6.730039737646211773e-01
-7.099412678053049763e-01
7.508787741365930968e-01
-2.629988492364271346e-01
5.219275579464415227e-01
-1.085840826601077169e-01
-2.289306285303085720e-01
-1.155476848430124492e-01
-6.212809807899630776e-01
-3.874821383587934709e-01
-2.610274121308400752e-01
5.357616752026931328e-01
7.212054059238715009e-01
-3.509729802359829454e-01
9.251216423265542499e-01
9.510557794239584695e-01
6.758854041609623220e-01
7.126867257220825813e-01
2.359156863753643640e-01
-3.780574264323685041e-01
-7.449271988540300260e-01
-2.409618729945534332e-01
2.804215279977160247e-01
2.819754826375166501e-01
-2.894551025463030225e-01
-9.509521326266148211e-01
-1.541925767714536488e-01
3.112045392136258970e-01
2.896145426450973948e-01
-1.906441486505969785e-01
-1.308779379935007606e-02
5.662033153560174226e-01
-1.424589010051968974e-01
8.565564679865474984e-01
-7.794368364269347316e-01
6.260294699067847635e-01
-4.660222084986773150e-02
-2.805185335255281839e-02
3.706605275729449311e-01
-7.726347486547677779e-01
-7.515073644464241864e-01
6.955721205795049877e-02
-1.478110395818751088e-01
3.957698452191712457e-01
-8.447880199027267556e-02
4.148260818254829174e-01
-3.945074359861378555e-01
4.323731770701080140e-02
8.029142678571634661e-01
3.273400849835075288e-01
9.329002338958103380e-02
9.837439999227536314e-01
2.878738826769861592e-01
-3.498158719602874056e-01
-8.001547138510974877e-01
-6.826500782301520021e-01
8.797651660241098681e-02
-3.539128726762992283e-01
-9.542609274622189108e-01
6.303647562946059768e-01
-3.406519114779460455e-01
-2.370697449639273813e-01
-2.241815558666166441e-01
1.139704230303856258e-02
8.909722703346577288e-03
-7.655539353478478803e-01
2.585472767778839720e-01
7.116033721606732643e-01
-4.245150492286473565e-01
-8.925325460140716149e-01
-2.317160247719934341e-01
4.918130822867615159e-01
7.443536965794519400e-01
2.148584541945026127e-01
5.499052628288025879e-01
1.736086022785894856e-01
-6.592159257887453272e-01
5.510192002396643307e-01
6.831613302777862495e-01
7.927837683556336890e-01
6.970585216544233909e-01
-6.490658726103627485e-01
-8.267551990673170925e-01
9.616370087238839126e-01
-9.292405357686642775e-01
1.921406460850108022e-01
-2.067927984312924183e-01
7.930674343127042114e-01
8.835276863196843689e-01
5.650188374765944266e-01
-9.308141926182723902e-02
9.741427269716937953e-01
-6.640049104192828899e-01
6.955524839941891468e-02
5.296670893451354001e-01
-3.691307517666150284e-01
-8.180905195847368860e-01
-5.292168514041898364e-01
-3.621977300447511428e-01
9.186894532641832756e-01
1.985014025072011634e-01
6.740630321278042736e-01
7.179252613859179455e-01
5.756247020717382146e-01
4.855492419175841401e-02
-2.127131630331349499e-01
-8.290087113278719888e-02
-7.539358742613383457e-01
-2.428076195217543642e-01
-5.647487917974547411e-01
3.553930442083685914e-01
7.015351484196085119e-01
6.464593544086042476e-01
4.799134109350250976e-01
-4.261581219112541286e-01
4.048628673780859111e-01
-5.977481977014740266e-01
8.397036709176201041e-01
8.690805125588685343e-02
