-8.118204930371968331e-01
5.935589024175448314e-01
3.040348021490927310e-01
-7.144256387010035070e-01
7.336524187810706810e-01
-5.209718544354986491e-01
8.146570102396056834e-01
-9.928851056770434669e-01
-9.613479146589647417e-01
-6.850168590511394040e-01
7.679835039268466668e-01
1.823716330128053592e-02
-6.653223745884935258e-01
-2.242271218002725441e-01
-2.618743164382854038e-01
9.564869711631999172e-01
-1.610299527962512911e-01
-5.533805862599852077e-01
-1.528786853772561016e-01
8.709063360437735435e-01
6.247615539107190946e-02
1.328154274540579161e-01
-9.551517593781373439e-01
-2.687658011333106667e-01
-9.808393432939134238e-01
2.220008038182474386e-01
3.149240573779522601e-01
9.838464187999381716e-01
8.235190216580460243e-01
7.266464395738275739e-02
-3.814218273629000483e-02
-3.539594463815898817e-01
-5.561533133856639832e-01
2.562380189435529143e-01
8.084998081303871320e-01
5.116909111533772883e-03
-9.776470846295127748e-01
-2.929650051494592233e-03
-8.392887659174316228e-01
4.322370180499720549e-01
3.111021775304300130e-01
-2.974814858339185353e-01
6.891317315392626597e-01
-8.656004636917281614e-01
1.716344436759104364e-01
-9.344951224258237765e-01
-3.148215594748087764e-01
-8.971570344566224264e-01
-3.134911690661051908e-01
7.312533585243656820e-01
6.637016557576324027e-01
2.410092834647532822e-01
2.995188957162524535e-01
2.324143198029032797e-02
1.022909497407049062e-01
3.487975607313925086e-01
1.423811729329554354e-01
3.156826903152371022e-01
3.233729932868782408e-01
-4.186463125497523197e-01
7.313809154643203803e-01
-6.615352052780552050e-01
-4.672519144598495378e-01
-5.331745269717145241e-01
-9.883942686854545467e-01
-2.036071205781018190e-01
7.404690768411558155e-01
3.202860613836264747e-01
-5.619810529448866498e-01
-8.444548228432122716e-01
8.900224967302291512e-01
9.987461972315933023e-01
6.168796751813385715e-01
8.607270757384269944e-01
-6.205221496206848597e-01
-6.587828050753063991e-01
-6.344155474477074508e-01
2.529871404313777661e-01
-6.610780639457551899e-01
-6.559494338199155505e-01
-6.920192027758652609e-01
-9.215065272573523814e-01
6.235638147952413668e-01
-7.023439384573977318e-01
-2.771636956484305747e-01
8.736139969120629845e-01
4.008622670010933975e-01
-1.494242174098660281e-01
8.702181416161783867e-01
2.237065301038569931e-01
5.539449233432922615e-01
7.335263807988968709e-01
8.937841380811601955e-01
-6.497030001036030455e-02
-4.937241302335793058e-01
5.030935851355783361e-01
-6.326915190260278266e-01
7.319484341780003733e-01
7.456293254911060542e-01
4.489170730000129894e-01
4.592127372855381306e-01
-6.600257648210460237e-01
-6.774264595955975521e-01
2.130326868621684744e-01
8.221400449696066870e-01
7.271140258679242852e-01
-8.621594010586072221e-01
3.172839485523920033e-01
7.425236264353267668e-01
-5.694715167803192646e-01
6.517931869027522307e-01
-5.113325578204901412e-01
9.562936692195707078e-01
-5.176902689861775375e-01
4.238375458621314040e-01
4.866474442695538638e-01
-6.816252837660178310e-01
-3.054989609169949105e-01
-1.401882946273508013e-01
5.745705657014554824e-01
1.750252864712732448e-01
4.796769169427959056e-01
9.928356211199479420e-01
9.948206811594142440e-01
-6.036121493340894650e-01
2.045760042945957702e-01
-4.822256378015120359e-02
8.200330428306168429e-01
5.681714918716213036e-01
5.802921201407063023e-01
8.776789612747826208e-01
4.772949124377991459e-01
-3.269303708899451433e-02
9.655054327732263131e-01
-4.631179938546475805e-01
9.264525266731074016e-01
4.747016924051359332e-01
3.502303790304016617e-01
-2.971457719472084258e-01
5.479171805476672902e-04
7.758291458593343792e-01
5.336946504459927354e-03
6.732376863655061827e-01
5.127824914501718512e-01
7.365697978535923340e-02
-6.621895113897491303e-02
-3.367507879867825960e-02
-2.241649457544632185e-01
2.133214050074812296e-01
5.302562207097676339e-01
5.072121796343893596e-01
-7.731687858802210878e-01
-2.840851961056524155e-01
-2.234041327977088209e-01
-3.699876520447764605e-01
2.693858593153305447e-01
1.993523945643280448e-01
-3.242787777219087730e-01
6.688129334898571532e-01
9.860537143359473511e-01
1.407402792994584539e-01
2.423887534356670703e-01
-2.847896162158101152e-01
3.106096006499059481e-01
-7.418104220248876723e-01
1.566084459335020940e-01
7.538580808090176166e-01
-4.052325328277847083e-01
-1.299062618410743997e-01
-2.103739967335418459e-01
8.517102228638070427e-01
9.280585323803807185e-01
-4.241688906329891262e-01
7.096985512833651200e-01
-2.920396515877294319e-01
7.271331614506852947e-01
1.859993997140018951e-01
8.032732686599609595e-01
7.626730633414511296e-01
-1.430692093930446829e-01
7.188197251438738222e-01
9.163882882086111792e-01
5.777706383739239504e-01
-2.590815776914310309e-01
-7.018057923001288501e-01
-7.197481184645249108e-01
-1.057984478415162077e-01
-3.502459172621626426e-01
-1.240110227026975792e-01
-4.599676513859767280e-01
-1.968600156238314858e-01
-7.989387784883295041e-01
3.421327786828117223e-01
9.133687630661075918e-01
1.268350057547121823e-01
-3.418659638379121790e-01
-6.433222293695757266e-01
5.743056909679946642e-01
4.791442142758515210e-01
-6.561251989768666082e-01
-2.513403427117917865e-01
3.131539115369434967e-01
9.834133982072817970e-01
4.454387572233610149e-01
8.190181134911558303e-01
-3.310758179019131497e-01
-1.132102944597257466e-03
1.513302550036066951e-01
8.669685689828900976e-01
-2.502797985635260014e-01
3.905532430901439422e-01
6.452208383434192562e-01
9.107606464370199273e-01
1.058715426007683091e-01
-2.906122645434452423e-01
-7.850219279356368540e-01
8.791725170718572846e-01
5.982552436607262436e-01
-7.922069998963560122e-01
-4.526321887254086684e-02
2.195077898566802910e-01
-6.552010864500570353e-01
9.503518448820585940e-01
-2.632805977337680792e-02
2.843788325139952160e-03
8.129137235022508845e-01
1.912329398440064665e-01
-9.044068304257557589e-01
4.306399339715078489e-01
-6.090141183726021090e-01
-3.849516838602050628e-01
-5.498900122109777744e-01
6.218892017715251797e-01
5.344648616087521731e-02
9.772786454815054480e-01
6.248972394159293398e-01
2.322417675833363671e-01
4.856650516425111141e-01
-7.308377461644464113e-01
5.799742432610686116e-01
-8.775283447264555781e-01
-5.486776296651110219e-01
1.225620034942284803e-01
-1.164755777853391516e-01
-2.596542883159873583e-01
8.846363710929106006e-02
5.796825943953898275e-01
7.903355002669285589e-01
8.564829463682687161e-01
9.832297117637995854e-01
-4.576795882738068366e-01
5.979635938053390332e-01
-1.606209838521029942e-01
8.259620879668228000e-02
3.127688719015698782e-01
-5.595777228222033051e-01
-2.629182293301204898e-02
-3.299118384354527977e-01
7.637529570961326675e-02
5.305215598602127658e-01
9.881563301772120500e-01
-7.572201163003768887e-01
-9.118415358539870841e-01
7.091814610164949295e-01
-8.587527197363432618e-01
