1.346010688984528025e-01
-3.204149943022061020e-01
8.230937605395922674e-01
4.970653578431307729e-01
-2.410863926538509353e-02
-6.518665158441457885e-01
1.689525323271763302e-01
6.710543437891219876e-01
-4.932727389988584843e-01
6.272178561078781689e-01
4.505335280559357169e-01
-7.465265103242910705e-01
8.308706093313364960e-01
4.949703526985649304e-03
4.285197069043850671e-01
-1.650405504510436550e-01
-6.079370254618590153e-01
4.866380067662266495e-01
8.403344365926805892e-01
3.618004240646024439e-01
8.662985172583859139e-01
4.196865283588993023e-01
-4.125028782797071636e-01
-2.547919015593806957e-01
-2.428923890728558188e-01
-5.194768669456608645e-01
9.775975751330805430e-01
-3.075625784126222451e-01
7.809918347866099397e-01
9.221926814468561773e-01
4.934233145528142961e-01
1.624937928816360677e-01
9.428207237132633090e-01
-3.742645617446985762e-01
3.548495802962866597e-01
-6.490337557222667364e-01
8.295188496944136958e-01
7.263869576441857046e-01
-2.075014509487143888e-01
-2.921271763399064803e-01
3.388235387474597959e-01
-1.363352514285392503e-01
9.475126252391898873e-01
1.448568768127784512e-01
-7.206275329605518198e-01
3.458465185665947628e-01
-6.907110845236791308e-02
-1.256711610995635553e-01
-8.090193464380053268e-01
-1.482033552339883931e-01
-1.030660512553157881e-01
7.994172638655456797e-01
5.606013648851213560e-01
9.914913421536620808e-01
3.506598720074414199e-01
9.543094127793959602e-01
1.797492288346047296e-01
-3.199777335943689849e-01
4.175829445602307066e-01
-4.220330527434708046e-01
-7.463886861353843383e-01
-6.319299562214618637e-01
-3.586837360592598500e-01
-1.012005963155524491e-01
-5.728105498971270970e-01
5.422931054289544806e-01
1.696838343201417798e-02
9.251721435796848025e-01
5.707535286527619656e-01
-5.023289537652974035e-01
8.927924437600565089e-02
1.171033879798870775e-01
-3.824623672142989372e-01
-3.316749723532898542e-01
7.058788101001709503e-01
-9.642146167452688710e-01
-7.164942641408963420e-01
-7.206988467564253709e-01
2.304105911237708249e-01
1.787285646136819173e-01
-8.742902360863663569e-01
4.241862903565612464e-01
8.447800749613771920e-01
-1.578881480467669851e-03
4.813644294022068060e-01
1.767272612923139752e-01
-8.706432760317744934e-01
1.625714148837363315e-01
3.416533140801558677e-02
-4.935339155634550501e-01
5.357152538536937847e-01
6.962731422467315356e-01
-1.860355795150518965e-01
-2.850661242760334502e-01
-8.848637240399450654e-01
-8.228354464097437093e-01
-8.079464254716479665e-01
2.499880986581162201e-01
3.162367099986285734e-01
-4.447936521326371073e-01
-1.112496109562616242e-02
-8.961169571707015002e-01
-6.876606622347312125e-01
4.517982707991639035e-01
2.160681916341389841e-01
-4.569822962238592190e-01
3.152162921522326799e-01
2.040009826510895685e-01
7.068636869938977885e-01
-2.141888814695043775e-01
5.604936919555743025e-01
-1.075713683251139363e-01
4.952685150187818297e-01
-9.825716935197187363e-01
7.669864401230188644e-01
-6.136455935374844906e-01
3.256295520517880071e-01
-3.890722115084549459e-02
3.599815836273323466e-01
-3.250155507804609600e-01
-9.834621738393445334e-01
2.047259350051570392e-01
-8.500000226786712521e-01
6.063039782839358960e-01
4.399567847934693909e-01
9.600692361985474488e-02
8.821936352303120232e-01
-3.935506481417447855e-01
4.351507738957003379e-01
-7.924956588156928383e-01
2.548557417335930442e-01
-8.114542152075158166e-01
-2.809511668476101787e-01
-7.647227222170689398e-01
-4.180400079534832836e-01
4.015482054530979394e-01
4.223405563272744079e-01
-1.559871662863016040e-02
-5.684011110850519799e-01
-2.434392815245495223e-02
-5.460384911690153720e-01
9.388582744393292323e-01
7.928114878466004933e-01
3.894384053400770096e-01
-4.075530697117725198e-01
2.656057552306620995e-01
-8.778836654431519948e-01
5.291759806493900875e-01
2.931048733989962685e-01
-9.017518989134262752e-02
1.828948393006829543e-02
7.641366335920775077e-01
-3.312879425248161369e-01
4.746006886139914061e-01
-9.704351041468096684e-01
-7.632936686154171424e-01
-1.660516709512562250e-01
-9.729602916543331759e-01
-6.641879029203050511e-01
2.416196620620930657e-01
-6.261117739663502046e-01
-1.371827210640867989e-01
-8.972761840849530213e-01
-2.890260135460415714e-01
7.464567745680733557e-02
-3.001150619909209172e-01
6.795855919246931443e-01
8.271725463681317558e-01
-1.210421287125380552e-01
2.909018932793285273e-01
-8.652457529014319360e-02
-9.828717020455814968e-01
2.942962138376271630e-01
1.624691415335626221e-01
-5.569845608948573723e-01
7.971008629842122328e-01
-7.057214044345908044e-02
3.706271317060347292e-01
7.016766224625003989e-01
-9.042282762065873003e-01
-3.837551483898926641e-01
-1.063016169591589344e-01
9.528739679610163105e-01
-6.253487762351269685e-01
-4.787652912342239553e-01
-8.503919596828651839e-01
8.476787708328762383e-01
-3.948035412949666423e-01
1.485707697185403298e-01
-5.365691616841968825e-01
-3.234813791763986313e-01
-3.876343324728601658e-01
-7.992119584030908663e-02
-4.037121572498340860e-02
2.583719940608514287e-01
9.071130756002938611e-01
7.766919358894632808e-01
-5.368033144646967569e-01
-5.497340373941874692e-01
-4.325129326221378578e-01
9.593882352499336630e-01
-1.752971365841530793e-01
-5.707555532562746947e-01
9.939063232378126944e-01
-5.843493336962896079e-01
1.357353307022466649e-01
5.803516640340393717e-01
-2.502996441438500308e-01
2.847405919387661632e-01
5.079048672627738403e-01
1.815493076757762614e-02
-4.032002026062330713e-01
-1.168713865086983411e-01
7.442370563135242145e-01
6.217449396916081561e-01
3.797387433577783522e-01
6.206411686222094160e-01
5.868079386274823728e-01
-9.517499343296278447e-01
1.514079639978042069e-01
-7.406117051340754820e-01
3.533430647593008289e-01
-4.745964636934635328e-03
3.372959795313285047e-01
2.779599002821233067e-01
4.055177861548515117e-01
7.999470960449183154e-01
1.664507860383657445e-01
-2.132722686433226045e-01
6.527595396683366635e-01
3.412000735538745499e-01
-4.164849137552314451e-01
-6.292573487923971420e-01
7.840625728394020610e-01
-6.034231806562508904e-01
5.745521878792614334e-01
-1.656142207353525353e-01
-9.211665957062971088e-01
7.981720233002198572e-02
-3.789948128963801510e-01
2.959565192612972351e-01
-5.492688154499564268e-02
6.438496113216211070e-01
9.428714134093338362e-03
-8.948763184306424145e-01
-7.400900639063386910e-01
-5.748832682746037870e-01
7.969980317463674080e-01
-8.175612016599325127e-01
2.556148083616306965e-01
-9.872438274023954685e-01
7.642672407789299349e-01
-4.720835311598582384e-01
-9.541186090690598753e-01
-9.347200380607989523e-03
6.921097431813079126e-01
8.300935508432636389e-01
-1.343351441520092004e-01
9.103633429464503823e-01
6.241004189910437372e-02
-2.238631030513496545e-01
-1.889045906447205936e-01
3.153176197598486774e-01
-1.657569880341752677e-02
-9.126671057381162688e-01
