5.003979768156516794e-01
-4.075120463727819331e-01
1.255271690676863505e-01
-7.371560363551066253e-01
-1.817851764250686120e-01
2.335471104983975477e-01
-4.750511955713869749e-01
6.758404951144805217e-01
1.796867457833528914e-01
1.310867461138601753e-01
-2.893431041281529503e-01
-6.388182448497837784e-01
9.716138098520947786e-01
5.439872970445068789e-01
-5.687483797824701703e-01
7.680281638150852075e-01
-6.908832042299487552e-01
-4.156645418870037467e-01
-3.034924433850059167e-01
6.926889433274883157e-01
-5.274187611542333620e-01
8.108356806747524237e-01
-5.156065780334700976e-01
2.409301488820700943e-01
8.871136951141487259e-01
-6.229431655104440413e-01
-5.991196928536559607e-01
-4.659449253376898303e-01
-9.475894523635609579e-01
5.496703693020270620e-01
-7.678829722657610768e-01
6.809604979535216485e-01
-3.237369203803812101e-01
-4.957626391522641507e-01
1.217887928646832624e-01
-1.472761283796694687e-01
-8.631327541232892697e-01
-9.000246532824054402e-01
3.402529535322662002e-01
7.898645943922126822e-01
-7.499475583098721421e-01
7.960232811014598120e-01
1.554649848506378107e-01
4.650439447321446096e-01
3.135191562639380591e-01
-3.470037703584218924e-01
4.416115177202647457e-01
1.027191763740009645e-01
4.894569373024985626e-01
4.258078450393831815e-01
-3.032428166206170284e-01
-1.030048878974959559e-02
6.490624140086376226e-02
-1.674921474232861085e-01
-6.533724126799875798e-01
-1.146240876048135737e-01
7.974507597392179736e-01
5.998983332240762634e-01
-9.859341271680103214e-01
1.338516796369844108e-01
-1.479440070688737008e-01
-9.476724311842380510e-01
4.349372639127242479e-01
1.050078380632435138e-01
4.844872098015458040e-01
5.128447797880786307e-01
-4.061976525454634168e-01
-4.181082819171791365e-01
7.313578980710053745e-01
-3.568221045776233114e-01
9.628605098405036422e-01
-7.491066466979163785e-01
2.848355991726043701e-01
-5.231497986555824209e-01
-5.525342830102074609e-01
6.106830784516720234e-02
-9.017667344466461232e-01
-9.452929038504789272e-01
6.206441674681855147e-01
6.966679543698771626e-01
1.226708258466663870e-01
-6.317918249574024925e-01
-7.196340689466604879e-01
-4.127075805990743085e-01
6.273437314324642466e-01
-8.540806303108395836e-01
-1.453259792271582584e-01
-1.548332818833475510e-02
9.382753283347590179e-01
4.065915539035844795e-01
5.826253234449052520e-01
5.644202635427603143e-01
8.842746140876892036e-02
5.395263744951347418e-01
7.653234594845303995e-02
-4.846358467967765704e-01
2.151793648232648570e-01
-9.249640339521464361e-02
9.854823061168394016e-01
-5.873117964490169873e-01
-2.929706774042158957e-01
-1.603254238474343674e-01
-4.383655800931752222e-01
-6.380026305188603031e-01
6.649564408134152060e-01
2.076593909182516962e-02
-2.428661574336409001e-01
7.969354587377722732e-01
4.619857134573712720e-02
-6.102837504314109207e-01
-2.424175016584930453e-01
9.598966772343422438e-01
1.011264138290070003e-01
-2.140269745068199836e-01
6.799515281144019596e-01
-2.646413289258756768e-02
7.989777656880292511e-01
-2.947392475085859331e-01
-4.923171490275437545e-01
-3.062719851632840218e-01
8.979900270622713787e-01
5.682358218497292057e-01
1.495807245131941521e-01
-7.313297357887138528e-01
-1.826251724076157212e-01
-7.717261403325261782e-01
-2.579915504515324920e-01
8.839416126313433264e-02
-1.617451108915358149e-01
-1.463288054679547645e-01
3.732343469345054676e-01
-2.156685868306502663e-01
-4.357784636871577799e-01
2.247822741972669014e-01
-8.505559569220689786e-01
7.292568357381735700e-01
8.153658805903584161e-01
-9.626199918193275584e-01
2.454282710271685763e-01
2.043203062763107591e-02
-9.323637152426469399e-01
8.634384474206578675e-02
-6.549471130711282951e-01
4.749988020904641894e-01
4.949336906969867833e-01
7.192492699571109149e-01
-5.105689215431392647e-01
-2.876677893740797742e-03
-6.283525735764432518e-01
-8.074100182950475491e-01
4.270982332157844397e-01
7.884543886862833695e-01
-1.440111217142258648e-01
-8.773866851654602561e-01
8.142691253830980358e-01
-6.266337258107534947e-01
6.378265658334945076e-01
4.704302181015443396e-01
5.574214529196825918e-01
6.674342408362248236e-01
-7.811737411191645164e-02
2.464194617693752920e-01
9.847958680599053771e-01
3.734411105418690147e-01
3.161835660915155444e-01
3.745336429480444762e-02
-1.272473031076708228e-01
8.714815468418281030e-01
-4.769290291890743161e-02
-5.378616595080872032e-02
7.258869774791367746e-01
-7.761288730771106481e-01
-3.896921128753335628e-01
2.300990657640439307e-01
7.554348499545797679e-01
-8.402344057137816069e-01
2.710364432592090589e-01
-5.904057801627728974e-01
9.018496591576457000e-01
6.947268671527979667e-01
3.525866424443369063e-02
3.242625365847469077e-01
-9.282265177652818666e-01
-3.986202301270213022e-01
8.900477537637746517e-02
1.773908627166287041e-02
-5.303484067423954729e-01
8.583676129844636238e-01
1.516342527573214666e-02
-3.862139460488611675e-02
-4.832753755382781513e-01
4.453340472554164764e-01
9.939329372800319584e-01
-8.128742247647707808e-01
1.925112073597171070e-01
-5.080449095395619397e-01
5.512605710763559541e-01
-9.262295656275989497e-01
-8.371867190202219033e-01
-5.144900952645253822e-01
8.232340765107362679e-02
7.909878717609740706e-01
5.472776481419607819e-01
5.157990851003430022e-01
-8.406377680600175539e-01
6.809686890431521089e-01
-6.147399588198867448e-01
-9.427985957258600003e-01
9.616010844254641032e-01
-1.717269235385883719e-01
-1.776115235517742585e-01
-2.905855521851504752e-01
-4.864387457604995024e-01
4.876331141275206393e-01
-1.530365008863157072e-01
4.381753545217303980e-01
7.602607110055380479e-01
-3.910884061699575476e-01
7.228898382340587236e-01
-6.329802446206564959e-01
-8.691538919240962002e-01
-6.576702702596941563e-01
7.156041773025980657e-01
2.667775958094412703e-01
2.229837714905007484e-01
9.966834982206305149e-01
-2.321772292800283743e-02
7.904515443807010877e-01
8.767766691765693787e-01
4.720470716023215108e-01
6.971559578690622594e-01
-8.217627340981794593e-01
2.146695426861127409e-01
-9.200091290342680139e-01
8.179891482483063747e-01
-9.283834555342163064e-01
7.948263449815898829e-01
-8.188247843166014395e-01
5.025226683781636172e-01
-6.468474803729425959e-01
3.351954633576254006e-01
-5.950642170545661358e-01
9.111202625209694483e-01
-6.553859643322647033e-01
-8.361493791583999302e-01
-2.276828105749538755e-01
-7.291351898688031019e-01
2.870892001422096773e-01
-8.649449295976663343e-01
5.474382885123794118e-01
3.364027921001752075e-01
-1.941729223817427186e-01
6.484271691323322262e-01
9.361295710658670277e-01
2.508681104448760024e-01
-7.126415325268447010e-01
9.669240619910930423e-01
-6.093080245050384036e-01
-9.743525578717010527e-02
7.745612093157729916e-01
8.040620877594537586e-01
-1.064620231862883348e-01
-5.536473938569097530e-03
-4.058319398227222541e-01
2.333198569560815394e-01
