-6.056907455262641182e-01
-2.866879019752223146e-01
-1.647344639158463409e-01
-8.193874150977278337e-01
9.137918822623694037e-01
4.846123191745220771e-01
-4.828966221785595536e-01
3.408610484395873663e-01
4.689608141816932196e-01
-6.431961845800687749e-01
4.907209771321370262e-01
6.577450321075114514e-01
-1.120264986288748016e-01
8.704642480197363197e-01
-4.574886761436982585e-01
-2.077027045062574129e-01
-5.208190645989501100e-01
-6.590606273226358169e-01
6.133744912357677048e-01
-6.915040160848552331e-01
1.686524411624126252e-01
-2.200986622893572608e-01
4.688868173157144659e-01
-5.178075853517534188e-01
-1.542620030342283233e-01
-6.501593240987429967e-01
9.249860349741367838e-01
-8.771321334507489187e-01
-1.211226829408253575e-01
2.484431537086213559e-01
1.758449841305375627e-01
3.365778796444153231e-01
-6.041994183389725048e-01
9.680737206124261363e-01
-3.478623041222942969e-01
-1.513317879530413912e-01
-9.342922722243413025e-01
7.999367232006657780e-01
7.588670817654317169e-01
6.851412253865587498e-01
6.485043997063706378e-01
3.597678147396103920e-01
6.427307323838977737e-01
7.800267376699210331e-01
9.336103186790558617e-01
2.126831588758348879e-01
6.873462359505360109e-01
3.279799942171865990e-01
8.816718442646331866e-01
3.813649105646801374e-01
5.650144691210602366e-01
-5.670371262320454964e-01
-9.362444894791576155e-01
-3.777654019578072231e-01
9.169672235938428617e-01
-2.742898031598763886e-01
4.209337930199562594e-01
-1.418332289219577658e-01
7.328007681154179442e-01
-4.241074663204580375e-01
-2.230579702874109227e-01
7.232616441016351816e-01
-2.140488635374995230e-01
-3.337178633451003407e-01
-4.167717561802399828e-01
-8.192828108439588197e-01
6.381702551543574353e-01
7.781943302955004471e-01
6.949236194501112740e-01
-5.296786579812751139e-01
-2.319196948395469970e-01
6.980490699632644347e-01
7.555929109617666173e-01
5.334818012182338531e-01
-1.115074792143720961e-01
7.308660967993383384e-01
7.328891766085408044e-01
6.468066636191467378e-01
-4.974921107673225262e-01
-7.509866690359546793e-01
-1.515292141014657756e-01
7.303904267828157382e-01
-7.816619307073768841e-01
2.614279851755539896e-01
8.254430806819224031e-01
-3.577018817355392954e-01
3.876091824236629346e-01
1.266902784060275344e-02
-3.372904911640020043e-01
7.755625707421025528e-01
-9.922052324402518275e-01
1.635921923331846717e-01
-8.398887536354843197e-03
1.210450065867882952e-01
-8.956890550645614235e-01
2.831850228270831327e-01
2.603126830369972833e-01
5.979817896056081050e-01
-7.341692751341830636e-01
-1.997016304998995573e-01
2.565925464860727701e-01
-4.726331956788862865e-01
-8.355358971531958723e-01
-6.844210339747910377e-01
-7.564869062428822843e-01
7.375577708891214446e-01
6.612427629408323959e-01
5.263254065825484496e-01
6.939208596053141331e-01
3.715067566978365043e-01
-4.363394859264538295e-01
-4.087687693645105647e-01
-4.362443563744451691e-02
4.703442176209360337e-01
-4.786402408260252983e-01
-1.013343496585242254e-01
7.050377418370461502e-01
4.498572012103250195e-01
-6.037863865377787187e-01
-1.710071508944099872e-01
-6.362214923874411898e-01
7.394629923178404063e-01
8.895143096846198638e-01
8.737131339310519884e-01
9.062501158176993199e-01
-6.552729506320156272e-01
8.749330095855822886e-01
2.942133786082736790e-01
-1.871227268606694694e-01
8.264337952498046480e-01
9.482551434997450457e-01
-6.644451804297926145e-01
4.025223084066937851e-01
9.116162020746048089e-01
8.362525319477979169e-01
-1.421932637632976615e-01
-4.796844400577069401e-01
-8.218774652774205602e-01
-2.621696764246345679e-01
-6.704855465386241331e-01
-7.992375885911447986e-01
6.469781333356731112e-01
-1.296825293696028947e-01
8.130055974004635200e-01
-8.696382488339303440e-02
-4.935149885617133303e-01
-7.570672295756706305e-01
8.145575386302298382e-01
-6.189116694621397130e-01
7.238734485717477352e-01
4.534737863597913532e-01
8.102345200200309350e-01
-7.120301475697137228e-01
-7.396013374431642529e-01
5.906502855185361556e-01
1.525947789339890392e-01
-3.207153705432612134e-01
-4.685198163529439297e-01
3.543773023689265056e-01
5.704075395738724685e-01
3.238135018330207671e-01
-7.550853909368353545e-01
-4.196140769700980044e-01
-4.764010722117779650e-01
-5.913731077776764877e-01
8.148640026767729472e-01
-2.607245209380526507e-01
-2.373113012992890680e-01
-8.171809494925114103e-02
-8.190712845285845756e-01
-6.534101848788687050e-01
2.294987001362163576e-02
7.117490406681699078e-01
3.737048985394486600e-01
4.266718981190837923e-01
4.216457738082548534e-01
2.712292418292031049e-01
3.336077003313647760e-01
9.861934081394985174e-01
-9.320719962392933766e-01
-3.342749188681750638e-01
-5.303171206871806209e-01
8.164530747279774570e-01
2.306440745129811620e-01
6.590250810642397372e-01
-6.829733177515798781e-01
-4.950320347344154825e-01
-2.959966095175116108e-01
8.404234636315806029e-01
2.436558314394271507e-02
2.393157538911352411e-01
-3.814219510158156079e-01
-2.304341489829575262e-01
6.323365865527463825e-01
4.831462177582116491e-01
-6.059419335139211160e-01
1.450254638458923773e-01
-4.794166956861840578e-01
7.478921379876816988e-03
8.584147787209674973e-01
7.557935039413699041e-01
-7.361609326355460503e-01
-3.786723294101299597e-01
6.084760178520753904e-02
9.542714638332469024e-01
3.952339373923758892e-01
-2.682764461177425952e-01
-7.442570105312673601e-01
7.487544752898269707e-01
6.709501854442235791e-01
4.977360976151740113e-01
-9.249965600596675719e-01
-4.341489836157461646e-01
7.842306481543332985e-01
2.153257436629437416e-01
-8.462535070361488776e-01
-8.529170598253021929e-02
4.563451313238812701e-01
7.956076227331814188e-01
2.722854123828868378e-01
9.891301317702945184e-01
3.550768224123080352e-01
-2.826568829762495794e-01
-7.468747976836745961e-01
3.772011676987211959e-01
5.964403665064215154e-01
-8.212231804183866002e-01
9.016663212645278369e-01
9.687700568281386593e-01
-9.282755036615204514e-01
4.621996961278246330e-02
5.571735808362461295e-01
3.362008727740188885e-01
9.904034867163777900e-01
8.006561373666593040e-01
-9.184165829193640107e-01
-2.869597675082300459e-01
4.138958689089174414e-01
-1.169962910562982739e-02
-7.182491506186550190e-03
3.573357951401681110e-01
7.600405473245415156e-01
-7.601805107198387201e-01
9.072450569041486945e-01
7.408247777014081992e-01
-6.255638691675950991e-01
6.696657098308211875e-01
4.526441553492072112e-01
-4.544168924801441634e-01
3.032896284897153016e-01
1.703091641210823792e-01
1.670947819650849819e-01
-3.905201142740519771e-01
3.055076707926606197e-02
1.382734154987109443e-01
2.749408554702721663e-02
1.169157370416535197e-01
-9.945723256273898416e-01
3.634546247792435070e-01
7.746899011953957137e-01
-9.480756627875381870e-01
7.979547577615608844e-01
6.020669509880112180e-01
-2.248287922694210961e-01
2.958524197653119581e-01
