-8.218358179794403862e-01
9.833677021608450142e-01
2.967968426842462204e-01
3.610618214821783578e-01
5.407952817057333217e-01
3.217641728194453599e-01
1.709081010077926344e-01
-5.690843681344990301e-01
7.996903744259822311e-01
9.616093787775881196e-02
-7.551369753914083383e-01
5.753921599971671963e-01
7.179205668730364032e-01
-5.424878891399034231e-01
-9.802879007211309226e-01
-1.149516929815520422e-01
-3.986720810116171076e-01
-9.753663168920675419e-01
-4.068754991747370875e-01
7.743752347564093474e-01
-6.547300724741562661e-01
-9.789827733514617769e-01
-9.667577759572140716e-02
9.310251683223241814e-01
-3.700052864705573319e-02
-4.762217273781440552e-01
-8.296611401868192459e-01
-9.274102888709490067e-01
-8.209944539989908474e-01
2.605482244102472755e-01
-1.081941517910626760e-01
-5.799709111395514594e-01
5.380420933740245326e-01
-7.479510593593470258e-01
2.238077513350474057e-01
6.913518225846423393e-01
-6.318519332269990629e-01
-4.193240394300474239e-01
-9.069601609893183092e-01
-8.206407130566130137e-01
1.984572734324387966e-01
-3.514564338791936748e-01
9.889083578697439592e-01
-5.975137123117838511e-01
7.490152291592842015e-01
-1.481021610724076731e-01
6.053281151682008421e-01
1.980202784199591726e-01
-5.719328701927415270e-01
4.773765485889949201e-01
-7.057494865948874541e-01
-9.350006171222796647e-01
2.647775175874686818e-02
-4.992271992951834436e-01
-6.566164877725670923e-01
2.584297482170187510e-01
5.298214912541494570e-01
-7.035276252299222932e-01
9.373738090158192371e-01
-5.331367993583344678e-01
-1.654884088899218619e-01
-6.344317809466204494e-02
-1.352100119477610829e-01
6.059732135483411053e-01
4.971012283270082044e-01
1.128926126008293895e-01
-9.778686092132188312e-02
-8.227349338251378763e-02
-6.305160091424948376e-01
-5.024263160110059578e-01
-1.787983155381368816e-01
-8.847601899670445302e-01
3.186905058493223475e-01
-5.956855026441452150e-01
-9.995750025646670256e-01
8.176449841963780996e-01
-2.874067805002299969e-01
-6.744372251077979108e-01
-4.922049258471564159e-01
-7.534966469582452531e-01
3.284966491060739013e-01
9.858535760512350532e-02
5.760210206854828735e-02
8.239637657189819997e-01
5.412676727306646729e-01
5.442542762222362523e-02
8.013119130510150123e-01
-6.138809038835575660e-02
-8.633696665658097125e-01
7.926452339027917349e-01
-9.419049245726121011e-01
-8.086414189602306735e-01
-8.671242688204217064e-01
7.228414749667604333e-01
-7.719878985580796993e-03
8.705003531823808371e-01
-2.124400097303548451e-01
9.691530973073029243e-01
7.468556507593994143e-01
4.240708950795719911e-02
-8.408567943123915756e-01
6.970630233986273572e-01
7.449479569041679294e-01
-8.446199289288871537e-01
-4.383416038568254680e-01
3.148055674730183551e-01
-4.064579402799656238e-01
-4.949058380026041815e-01
3.375642565794604866e-01
-9.964856752955283392e-01
-9.435391792286695889e-03
-9.457313104691478234e-01
-7.131272202610553501e-01
-3.683358239763141473e-01
-1.921250304733546910e-01
6.387580705425794925e-01
9.156278112454867557e-01
3.895547984977956180e-01
-2.115599626214461071e-01
-5.640695933374186843e-01
-4.751431066448250640e-01
-6.640432050002105235e-01
4.614840707089005178e-01
2.680503478552605512e-01
-9.307151096636079313e-01
5.812542963580458188e-01
-3.047356696105212870e-01
-2.255325584257659652e-02
-9.276951359010421339e-01
-6.286677132426204961e-01
6.529566837191553841e-01
-7.259547666563109791e-01
6.902610831213371601e-01
-3.118402696609485769e-01
-6.428782055674230334e-01
-7.693459202603595282e-01
-5.591985335183696781e-01
6.647123171689472976e-01
-4.971358142025986138e-01
-3.579613361626865498e-01
3.107396492691759105e-01
-4.751306463454842977e-01
4.946815692002742293e-01
-9.558287964226906963e-01
4.155019441450757967e-01
1.074801802117143490e-01
8.547453099106743224e-01
-6.629968801158370173e-01
4.998129868496833245e-02
1.750268349791646028e-01
-9.518607458019554546e-01
-4.116964825913014270e-01
1.660513732809576135e-02
-1.645370940660577375e-01
3.990469959677831469e-01
-2.254665777803541160e-01
8.353562174536287577e-01
-8.247726851260359648e-01
-4.528004471088211136e-01
7.781335618234080931e-01
4.640396761719870478e-01
7.929492543054049714e-01
-9.834025080318148371e-01
7.878763038522638151e-01
-7.357741010108087565e-01
5.195790452121920033e-01
-2.395161039481775167e-01
8.679464070618149174e-01
3.328020761018812834e-01
-1.004871860640395992e-01
8.629511129364476618e-01
-3.787318607152021510e-01
-9.105191058754380506e-01
4.911696524812650400e-01
9.675820283320775150e-01
-7.859083524373650098e-02
7.502208007520638766e-02
8.121746057008306652e-01
-3.062234635130317018e-01
-4.098012945885602942e-01
1.794447985010225732e-01
5.882243746958101260e-01
3.201659438630005128e-01
-6.357451362725720090e-01
5.014859080427143123e-01
-5.010121503040970703e-01
7.388275721528783091e-01
-5.119819199158412992e-01
3.335176317746559871e-01
-6.311102508368422459e-01
6.323496816536318121e-01
1.130790948729860634e-01
-4.459236416903691880e-01
-3.211542442833789646e-01
-2.849260563202512739e-02
6.956086038286565243e-01
4.884826246580942222e-01
4.599582027941450657e-01
1.684503756305129885e-01
-7.251795720996965233e-01
5.819164759973238787e-03
-7.333874131086318693e-01
-2.878491444323606416e-02
1.999101988516755468e-01
-3.167590531040752055e-01
5.109178893934661625e-01
5.212754939934713949e-01
-4.291412060961647956e-01
-3.021699913917056390e-01
-2.056875957222303875e-02
1.507752995127936424e-01
6.651072478408880384e-01
-6.972274453264484251e-01
6.114983935283002658e-01
4.799419579994447238e-01
-8.874831436423074038e-01
3.042484936288780695e-01
9.725115137670238274e-01
7.948239635538955072e-01
-1.401841855189996933e-01
3.180005979559268336e-01
1.574342999873651616e-01
-3.180393032328475700e-01
-1.728703887187705845e-01
5.317038087210651520e-01
-7.837735747541616504e-01
-8.701881135423013003e-01
1.406117430942732671e-01
3.152852496448455555e-01
-6.825840086952872365e-01
-6.389940817294190722e-01
-9.289841848259339230e-01
-7.520240223335284968e-01
-6.015070411625952351e-01
-1.430185650547826925e-01
-5.011017025839598071e-01
9.782887961805744048e-01
-5.668207409977130684e-01
-1.365893203610202278e-01
-7.948291886125952166e-01
-2.157339798046991886e-01
9.219543495729257687e-01
2.106988590191580524e-01
5.051414006957491987e-01
9.897581513862772074e-01
7.642086816707899244e-01
-2.674795761565116337e-01
1.300776664942305538e-01
-1.143876620570615371e-01
-6.253726093362191873e-01
-5.077874855694950451e-01
-1.817974220822932141e-01
8.993560345029691927e-01
-2.328109891045493651e-01
9.408218660517395637e-01
8.226243193504547691e-01
1.819089768487154313e-01
-1.384085385980183824e-01
6.627396298103169769e-01
3.543062497750530948e-01
7.087912318102809195e-01
-7.400085960053430778e-01
-8.823068465634217317e-01
6.749758318232996768e-01
4.007767735048783919e-01
