-9.358379376004936079e-01
3.965991103550574604e-01
-6.907898470387539014e-01
-5.308158365203453632e-01
3.104607466485878042e-01
9.494099603070731419e-01
2.535519442679955437e-01
-2.943951146532304830e-01
9.054953173643442987e-01
-8.805708356397652370e-01
1.067091886946815171e-01
9.372128771886232279e-01
5.487220638905315750e-01
8.874326613083300952e-01
-5.504904220081847654e-01
1.487159079735377309e-01
-1.636273004114088825e-01
-5.624554101990308919e-03
5.812152025239775144e-02
3.300900993086068325e-01
4.820549338803494788e-01
-1.651700479308162439e-01
-5.218541017112293678e-02
-1.921939336015037747e-01
-3.084924625899714279e-01
6.361828166262124551e-01
-7.285272739749324433e-01
-8.755799572875603287e-01
-2.086551903011682474e-01
2.547593456270426104e-01
1.752621978686100812e-01
-2.089171122422184279e-01
5.535993344259716453e-01
-2.437180874826710975e-02
-9.563545107317054095e-01
-6.394361040321283607e-01
-4.995018214983134586e-01
6.281137744697078418e-01
-4.597775726887599612e-01
4.302276470625138738e-01
4.637394801692075186e-01
-2.674285022536355694e-01
-2.018521771235230466e-01
9.240990521270601166e-01
-8.955909280227890568e-01
6.656067924763124921e-01
-1.683887218007651398e-01
-3.730547323244352009e-01
-9.256880622132692693e-01
1.317805548336845323e-01
-9.636591154594965625e-01
4.267641402371773474e-01
-8.006420045205554503e-01
-2.590950728666627234e-01
3.923195495828525337e-01
-4.101435598607592325e-01
-7.438380770282477794e-01
-4.589809698031888097e-01
4.351221284603842276e-01
-4.707751947111072921e-01
8.554589608010382262e-02
8.910296028332834184e-02
9.210220343938102516e-02
2.045815605695436856e-01
-7.382639539285726915e-01
-1.458832708834636449e-01
-9.739726482642599992e-01
-8.737254879852558442e-01
7.696633089680243733e-01
-9.383858482023683667e-01
4.883205039695363570e-01
-1.486280651666096742e-01
-2.157142598722658899e-01
8.621058690858187656e-01
9.957016549932841132e-01
8.392271983201571306e-02
9.859382324707162137e-01
-4.737677904852036770e-01
-3.423742317847508487e-01
5.772320343740640347e-02
-1.108102350613537068e-01
-6.981409637516962086e-01
7.461436625228023978e-01
-9.995634212046837774e-01
-5.372953325594836960e-02
9.984879228690501929e-02
9.207796321082978297e-01
9.404611749832303413e-02
3.149609712530837546e-02
-4.237934615625280066e-01
6.039512258586510196e-02
8.401230267931120155e-02
-7.192025648211801681e-01
-9.062951169478385971e-01
8.176848512919077105e-01
-1.426916325329862789e-01
8.889885158578157975e-01
-7.771442268644636053e-01
6.401914285018944772e-02
-8.621344389857136248e-01
5.849547036548796708e-01
-9.221441974715527401e-03
-2.454729012768656349e-01
-9.095753048144072928e-01
-9.975533830823395398e-01
-3.876153004709265715e-01
-6.261007453117344301e-01
-8.488327567232591131e-02
2.884536101196585323e-01
-5.400893629534175844e-02
6.457421108469734161e-01
1.040770032188060856e-01
4.436691088702828245e-01
-8.924622347971927772e-02
7.189910130852898984e-01
5.404020042850092853e-01
-3.135849807021509061e-01
4.107859408023529779e-01
-8.600234542532839699e-01
1.603132140875483114e-01
-8.864102552323966933e-01
7.218257619767644018e-01
-2.366264461880453751e-01
-4.913630532038067156e-02
1.680326264378064760e-01
-2.514050590552483477e-01
4.632265641655110011e-01
-1.718471199397598737e-01
-8.419523863133461239e-01
1.585135718302490282e-01
3.417105450760872243e-01
-5.034458493230753451e-01
-3.280749407233957138e-01
-1.697861515305173485e-01
-5.295095291358918876e-01
9.967451236015402172e-01
-5.267706614394054299e-01
-9.880335758332943197e-01
-3.486794393478783727e-01
-5.078162523782409066e-02
6.785182404343170770e-01
-4.282353137469645521e-01
-3.579260819767529633e-02
-4.980512981775964687e-01
9.956266542716205592e-01
-3.125210699515376667e-01
-1.986040056881235583e-01
6.057816797995544400e-01
-7.719297634471946612e-01
-2.364061200808830754e-01
6.609983108086008308e-01
8.010930799431179583e-01
3.417937860658479821e-01
-1.048107100779921835e-01
5.748719952672215472e-01
-6.420732107409541367e-01
3.740045666125851875e-01
2.510713233111872347e-02
-2.808530576266916601e-01
-8.291218551873422715e-01
6.830160236541131802e-01
1.098946811243784460e-01
5.792036636747459610e-01
4.201619571616277415e-02
1.330470194424588637e-01
-4.746246514105384451e-01
1.039068054109654748e-01
-9.589441157583813435e-01
2.080091153557708239e-01
-4.584768434374396628e-01
2.872185198560852082e-01
-3.391612828888905806e-01
5.044311179721210348e-01
-2.654241035619228084e-01
8.185601547802949796e-01
8.923244080486424368e-01
-2.272663547184028410e-03
-3.059567766001836109e-02
2.492609918036126082e-01
-5.621934187170223307e-01
3.290881563108366548e-01
-7.449960814497341710e-01
9.245986453428011176e-01
5.533521877833333935e-01
-2.845568359633510180e-02
-6.883379799055482362e-01
8.746843679439155750e-01
7.445957369065399067e-01
-1.302551445417432507e-02
-8.805225981872344398e-01
3.797906023081161764e-01
8.843663428805947913e-01
7.347528572430641614e-01
2.696713592572449469e-01
3.205023434047483133e-01
-6.402829757805432731e-01
7.030511050977192866e-01
3.334035498873374470e-01
-7.059031189765357928e-01
-8.083113177377168057e-01
3.814419416475929303e-01
-6.617595796741579939e-01
9.628945353436497712e-01
1.829620521243395803e-01
-4.317520083185322211e-02
2.530167757493866354e-01
6.055192785482381712e-01
5.529776800058052721e-01
-8.560280474250141491e-01
-7.828291682681594033e-01
-2.012620517092451322e-01
5.764793061565559595e-02
-8.460288414173788851e-01
-6.067277456161914717e-01
9.419313772132302809e-01
-6.882728770532855478e-01
-2.917556368872013112e-02
9.425630483880320654e-01
5.745676877627672319e-01
-4.935545154599222384e-01
-7.152652879870335934e-02
-5.887651774847905140e-01
3.152449134946855303e-01
3.611715776668072975e-01
8.980855507922888004e-01
-2.066468837227786182e-02
1.179100693059021987e-01
-4.389415573646906488e-01
1.320229276691742282e-02
-2.762670360179778073e-01
-2.748467757026435976e-01
-9.914810730326389931e-01
-5.859910321336762040e-01
-5.848922466708341705e-01
6.923768863807941987e-01
-7.252003798267327994e-01
-2.110310101286985152e-01
-5.916460680928274929e-01
5.727475815081635169e-01
9.066302897140248174e-01
-7.253999347009807419e-01
9.906938993285091533e-02
3.463332185117429796e-01
9.047926665055898710e-01
-3.308840173760775327e-01
2.303218148101616736e-01
8.631193597571172882e-01
2.521222813269018426e-01
-2.663889030073487985e-01
5.681499828471206492e-02
-5.609757992997274068e-01
-1.813911529798900302e-01
3.349436594591417848e-01
2.499488856564025530e-01
-2.993989819251765550e-01
-4.213381294727412962e-01
-9.122849820435434687e-01
2.388693719182126696e-01
5.615496526409322620e-01
3.432846656686542319e-01
-7.458426145246667138e-01
2.509367712242110970e-02
-3.529556956855092187e-01
-7.071108952621256716e-01
-3.653633752366261533e-01
