-4.485188544135440547e-01
2.233838255355659885e-01
-2.666965699766224995e-01
3.359410767505416340e-01
-6.507410031920239923e-01
-1.717233853097116514e-02
7.115565414162444702e-01
3.084952380378213066e-01
4.020158009699196233e-01
-1.310290760613720684e-01
-8.415756440847738107e-01
1.438929790066257319e-01
8.533035994690825188e-01
-1.483329782032543620e-01
-7.602108420581473736e-01
2.884600401579200391e-01
-1.708386647174595097e-02
-4.190695052865118370e-02
-6.930463192747342571e-01
4.449230863622971599e-01
-4.783560947352341053e-01
-5.498812157951135093e-01
-8.917260228002792388e-01
-3.141696286929039905e-01
-4.266105387425773166e-01
8.003263748353295348e-01
-7.763869745149526436e-01
8.949795378689625602e-01
6.147603086294325392e-01
8.605199203837873290e-01
-2.614142393782710738e-01
-8.885944055035577271e-01
-9.942011002001658326e-01
2.168543714685707835e-01
2.811336429697516293e-01
-5.701747934130055873e-01
-7.281926110890781789e-01
-4.042483492012903801e-01
3.818099239646559617e-01
-6.307909998433615106e-01
-2.653461557305481500e-01
8.762508770434790373e-01
-7.990359237581604601e-01
-6.345716998997407154e-01
-4.571696454964689349e-01
5.350830415427686448e-01
4.587178828214836246e-01
-8.714271143641966200e-01
-6.054079149558437845e-01
-9.436323428629864729e-01
8.453459131247590408e-01
7.802578760817254766e-01
6.547617675597534603e-01
8.607470730285275984e-01
-9.512109077235546550e-01
4.067861794699837996e-01
-4.357725435148299686e-01
3.717092236744745093e-01
7.834440737539321020e-01
-3.925363953440770270e-01
8.059193518196716699e-01
-5.503188837396236904e-02
-2.868548148952798083e-01
-8.826410577474657071e-01
2.909591241471894407e-01
-5.391623642682629169e-01
-9.369856089920219899e-01
5.657201661388471248e-01
-8.088343389344291312e-01
-1.266505593520136363e-01
1.466761245802843672e-01
1.959544621781864060e-01
-3.969265121251193129e-01
-5.390498239921270862e-01
-4.361141662146509335e-01
9.415763777477480501e-01
5.026879067633008846e-01
-7.577902407164489873e-02
3.570090786193771959e-01
-6.809219765083426301e-01
-6.642661764376819322e-01
2.022401637127713425e-01
-2.066303249261595143e-01
9.397098915843421496e-01
-3.253068189276608901e-02
5.407352225066703877e-01
-2.230800498516937180e-01
8.201956996071181338e-01
7.462219605101196862e-01
2.553165089823260930e-02
-3.736212163548818244e-01
1.897823470838696028e-02
-5.848889877634969592e-01
6.511233952213399956e-01
-3.631647676639402911e-01
8.045368512219162049e-01
-6.474695835179098413e-01
7.458364122887536363e-01
-4.359732759393682155e-02
-4.082293458718364021e-01
8.464074234714824563e-01
8.664544764244370700e-01
1.940505670451892709e-03
-2.173926188558637229e-01
-7.001580217757575886e-01
6.052974714868529782e-01
-5.943695712796644992e-01
-2.007099099025449196e-01
-8.674036400611961906e-01
8.769018384539627453e-01
-3.382549666239424435e-01
4.860348464358653642e-01
-8.447140409181482790e-01
9.447204482672428849e-01
-2.172031693429732901e-01
-1.923769640856019814e-02
-6.514416227617610966e-01
2.179989455498032580e-01
-8.717757860631730749e-01
-9.366264314840526684e-01
9.995209701194620600e-01
9.622687630065313025e-01
1.071381774763462968e-01
-9.224333697079601935e-01
2.707004481738724544e-01
8.835154258140259786e-01
5.586717791103826825e-01
7.601100434900043279e-01
-7.619335528656725476e-01
3.030680370363292297e-01
6.486508478436318059e-01
-9.962584471117673368e-02
-5.701924696204714316e-01
-3.270777446096495011e-01
1.239267493684991991e-02
-2.336331397389321274e-02
8.246444160203033613e-01
7.818262932185700009e-01
-5.044163252173704259e-02
6.820699347108959421e-01
3.076224722427743918e-01
8.680097831548099219e-01
1.590591561202005511e-01
6.224409314068907184e-01
6.717934145119004441e-01
-8.965124846521923541e-01
-1.673380846789900289e-01
-3.806291709899168874e-01
-1.675125496733036734e-01
-4.890133130868227346e-02
4.628524546498538061e-01
-9.277882880702284507e-02
-7.748395155216416530e-01
2.285203441770967958e-01
-3.451670211529664911e-01
6.170182048417209852e-01
8.623663408874737701e-01
-8.572339713232786096e-01
-8.093328445291980699e-01
6.281977371256411979e-01
-4.683203160269089338e-01
-4.274470398494130685e-01
-3.621092516922502225e-01
-8.592628947289446817e-01
4.209790625515673068e-01
-3.815566679776525305e-01
-5.213714873124534188e-01
-7.217212014668106246e-01
-8.877015775722951751e-01
5.471449814908149745e-02
-3.916739026087240894e-01
-1.651966039682394305e-01
-4.835139005362891207e-01
-9.541683346175638958e-01
-4.035809438745103228e-01
-3.420663684826105722e-01
-6.897823977508252824e-01
-5.667607023888893147e-01
-9.510677846886749220e-01
5.526414934148343727e-01
6.157092061253941484e-01
4.031996776614106270e-01
5.498016454084972415e-02
9.542629112688149062e-01
-4.425054395184382372e-01
7.955102184873136251e-01
-9.245277708342265477e-01
7.459381460069937075e-01
2.847187519716791737e-01
-9.977254397200856495e-01
-5.334585565672427254e-01
-7.588143030148053469e-01
-9.732144507557942692e-01
-6.149110390067326071e-01
6.391628328295921868e-01
-5.990853690408565191e-01
9.815965372683128562e-03
-9.809975984671803761e-02
-3.340137813945507350e-01
-2.310498338787754513e-01
1.775083655831971585e-01
-8.840667035025875364e-01
9.385508896426888459e-01
-5.536979768661695056e-01
-1.057711281079452559e-01
1.121963950213072658e-01
-6.943742884687269523e-01
9.110803027389291486e-01
3.869910534970930072e-01
-9.846753912476204906e-01
-9.301224327643372591e-01
3.722302259396886304e-01
-7.527957803100968626e-01
3.737633749130260807e-01
-6.943254959027925222e-02
-5.549291236608129285e-01
3.870937810610607377e-01
7.139177062910402327e-01
-7.367554463665059172e-01
-5.728367740761826088e-01
1.412758324012773903e-01
6.419466131878500681e-01
-1.094482452414598794e-01
7.682778741948288470e-01
8.002455895707548672e-01
5.777113875777398766e-01
7.878772116556390648e-01
4.580564274725140161e-01
-4.049894116546618461e-01
-1.062949972806951360e-01
5.758419164602965878e-01
1.260266659671910594e-01
1.114499132393404479e-01
5.026928132323431608e-01
1.984445149764424432e-01
-1.201591163108510843e-02
2.716827855872530062e-01
8.618783015648121548e-01
-6.249095427977716666e-01
6.339449009094106913e-01
4.979014681392795461e-01
-1.500342098947110847e-01
-6.509272722046777204e-01
5.145932512986154395e-01
2.656599671038932242e-01
7.094536376240849762e-01
7.004538199428632650e-01
7.474501489714797664e-01
7.211817620033778020e-01
-5.728797848721435271e-01
-3.172150856876740921e-01
8.579465664300652827e-01
-1.582943987711280809e-01
1.363370838990628497e-01
7.687245731249293945e-02
4.748304402169890581e-01
2.467061192843267858e-01
5.492045031332623214e-03
3.719745367713936934e-01
-8.527118314292743140e-01
7.305883338429937368e-02
4.367710624311627599e-01
7.032357981703118988e-01
-4.164214971305058022e-02
6.990008053790046638e-01
