-4.635527954074150636e-01
7.514344376947914572e-01
-2.162909823944418608e-01
-9.860724986590305718e-01
-3.685859902544997846e-01
-1.442002396836090661e-01
1.563554643938462607e-01
2.121972353141907686e-01
-8.368462950576749382e-02
-7.204702691486237764e-01
3.932742956622238273e-01
-7.495000661349882076e-01
-2.670914272007898216e-01
8.622477669875427964e-01
-4.673408655209149720e-01
-3.481481442367159729e-01
-3.962682738172182972e-01
4.427733709059875622e-01
6.078585300190275653e-01
3.665197455009761018e-01
7.166456949081093097e-02
3.424935150314639687e-02
5.292896688384651771e-01
3.923442166708764889e-01
6.139702458915116123e-01
-8.096918873184255627e-01
5.837222564927071478e-01
5.954545223538916243e-01
-8.737461163854125523e-01
-8.295883916432964522e-01
5.181659446423044768e-01
-2.968901008550046683e-01
1.273951148213599560e-01
3.755810799365675301e-01
-5.623874652808709129e-01
1.337301125973250349e-02
-2.800191149520067091e-01
-4.074715272930242160e-01
7.220984678132861267e-01
-3.724572750340232052e-01
-7.285563971142213768e-01
2.248818509838013818e-02
-2.255234521670584913e-02
8.148243834323263268e-01
2.652792218596747853e-01
8.265749083513814766e-01
-8.856246278460242483e-01
-4.350103619203750105e-01
2.707978182057811378e-01
-4.057397922346599461e-01
6.121031428231763494e-01
-5.507955941257849375e-01
-7.467814025182077931e-01
-6.192448610072961435e-01
-4.452327470751549221e-01
-3.070095566331448866e-01
-1.418391086681021207e-01
-3.179251029018930197e-01
2.286711674107217984e-01
-9.995155250398235491e-03
-3.535646060767040355e-01
-1.213160701925548313e-01
1.065265643357485026e-01
-1.317426228011328582e-01
3.400783063466201184e-01
-7.783951105536499604e-01
6.135955990278750827e-01
3.289531104505487580e-01
-9.915872116837609607e-02
-2.603408384005858056e-01
-4.420997153821177306e-01
5.744623823510053295e-01
8.694311270869852226e-01
1.568809418027875269e-01
-5.099488957666087341e-02
-3.331069455757340592e-03
8.224706891829793864e-01
8.593196354629557554e-01
-5.449109355125730803e-02
1.944592104300434110e-01
3.142442764098607455e-02
1.832225233393119379e-01
-1.798309236079437545e-01
9.562895775322562963e-01
-3.804355166110106046e-01
4.782007045985289112e-02
-3.495293165566348836e-01
2.891045126017471323e-01
-6.810186867787115794e-01
-4.782280260368527713e-01
-2.960105047322222349e-01
1.279891860216579302e-01
-5.458344942566990543e-01
-9.168166553844175892e-01
-3.820686450428450454e-01
-7.075639153389262637e-01
2.122539749197775993e-01
6.000484138765928011e-01
-7.391626623291912557e-01
-1.111873822104486598e-02
7.987684508242600678e-01
-2.666398899758592456e-01
-9.055434017432509863e-01
-2.285397489825460871e-01
-3.888862064622744530e-01
-1.978984431731891647e-01
-6.101963622253776531e-01
-2.082679571147477426e-01
-5.946538204266994532e-01
-2.417199088137180762e-01
-7.844871425646031682e-01
6.045521424269882926e-01
7.727599175804061860e-02
-1.425134919575859749e-01
-7.063617203206690176e-02
-8.241270862147689336e-01
-6.666587613101722376e-02
5.104500960935220988e-02
6.335324031684151924e-01
7.298339688533426184e-01
-7.419726424921094243e-02
3.697224241640494347e-01
5.065616485210789888e-01
-2.373837808813554218e-01
-6.346596328124518571e-01
-3.560416235519152650e-01
2.067067473276369416e-01
9.177638812276603941e-01
7.639326399902527376e-01
3.896892409381407241e-01
9.636497390214503467e-01
8.203113363080130060e-01
-7.185112335801133732e-01
7.506562442982169792e-01
-9.302943866060008338e-01
-4.649087544025820584e-05
-1.701425350788758895e-01
-4.546556254361491245e-01
-7.809893678769213032e-01
9.003777474495802124e-01
1.372959803277111757e-01
-8.803143417005305782e-01
4.751649765512238471e-02
8.056963716187888203e-01
-1.947907791280030221e-01
3.256814573065148766e-01
3.570139278558268625e-01
7.042454849534203198e-01
7.403978350947918452e-01
-2.447334408325829158e-01
-4.213452904724544756e-02
5.435889791800132542e-01
2.548941144680839099e-01
6.636386341847688719e-01
-4.066709732602046268e-01
-5.959321171069552614e-01
1.390891379327237054e-01
9.374907255782932713e-01
1.342625220723560608e-01
7.363911196995945874e-01
-6.786942999196305948e-01
-8.483327709522877624e-01
6.653735779018585816e-01
-9.323009413701406345e-01
-2.671574850634543807e-01
4.605493689060714546e-01
7.946714181379044284e-01
-8.148593371021526366e-01
3.438787241260576888e-01
-4.733772481049008385e-01
3.063012206359833067e-01
5.263140933730022786e-01
5.205162188404279799e-01
4.763350369415886298e-02
5.980959719332563651e-01
2.048787092170798463e-01
-6.543501258705236578e-01
4.409369174373635181e-01
-5.233413090607197393e-01
-8.764806394220397978e-01
-4.933010226135099430e-01
-2.607083086746005973e-01
-9.865506632790341790e-01
6.655988893851535471e-01
4.322795276350878402e-02
-1.171165187030242250e-01
-4.848095407295328896e-02
-6.396632209888051257e-01
5.092884875241596165e-02
-8.002428102834135970e-03
-8.402485855541730331e-01
-1.992398825092385195e-01
-3.394166449259731766e-01
5.340174795258877394e-01
9.006331844336814552e-01
3.327224171801367869e-01
7.856571705725894361e-01
5.335349248205868422e-01
2.197649518257777101e-01
-6.550753290892070979e-02
-9.954886069937916027e-01
-6.836655097126470571e-01
8.610805933770011578e-01
1.719273862774262640e-01
-4.774426372898889492e-01
8.845050999376581347e-01
6.973698608688148060e-01
6.444988799993320860e-01
6.347301687006696724e-01
-7.691754317675253416e-01
-2.990247072784201210e-01
-5.725267498402386579e-02
8.188238099351814459e-01
1.737865930201653586e-01
6.767942777876445604e-01
5.468824949094358567e-01
-9.160664177588732082e-01
-9.219774519909689214e-01
-4.668072986809317926e-01
-2.772569869935773701e-01
6.268727119928859670e-01
-9.131214241234946183e-01
1.562775141752075214e-01
4.970483826924623760e-01
-7.871466677439146187e-01
-8.882146310119454213e-01
2.015664749522814714e-01
-3.346940584640154537e-01
-2.247881422679989250e-01
-1.269435694417195837e-01
-7.592959947043534941e-01
8.430311575771285426e-01
4.316177037953728424e-01
-2.249569000292431786e-01
-7.810683842574495106e-02
3.895481692980697908e-01
1.406049808531723566e-01
8.823615030202065501e-01
6.221002442571934576e-01
4.509101204039268063e-01
-6.380171161523165990e-01
3.111320319355825870e-01
1.227359391451564308e-01
-6.591610913766954294e-02
-5.480880770585169204e-01
-4.459487871352849631e-01
4.474930376201824433e-02
-8.591377492246972114e-01
7.507084858370400848e-01
1.690483537616133125e-01
6.952101108811145069e-01
2.293722554447940598e-01
9.451107364794965049e-01
3.576187517252394366e-01
8.881374552989690363e-01
6.543955895204526252e-01
-7.708952936733914907e-01
-3.049490822128474998e-01
-4.362313129765532649e-01
4.282624069855663351e-01
-6.793822098617311456e-01
-5.375003321541692580e-01
6.812503567336993804e-01
2.545987300573985257e-01
5.543155544201885387e-01
