-8.168612971538204981e-01
5.154338935391616916e-01
9.812388347106196784e-01
1.712582782317800811e-01
4.815273874979002500e-01
5.215199704903430433e-01
-4.747379221306400332e-01
5.965154088775018182e-02
-9.020015387279741725e-01
-8.909953891329092102e-01
8.906159059262442473e-03
-2.797629839086723802e-01
9.086984277063090421e-01
5.603572749278715737e-01
-9.345396018355323076e-01
7.597598926494637528e-01
-7.892536827765628260e-02
7.918013985839762459e-01
1.572250523541876277e-01
-8.212976816238184430e-01
-5.965061605690415991e-01
-9.523921373879629115e-02
-8.425043629348589747e-01
-8.162447366074190302e-01
-4.067643522327951122e-01
3.848943912438749226e-01
-3.812111238247359868e-01
-8.597191508587098685e-01
4.405953716148333088e-01
-4.165192217097571370e-01
4.611118932822787231e-02
8.564700449515936231e-01
6.219731876000262893e-01
8.142897553060872706e-01
-2.460414860394878889e-01
7.750890836376869153e-01
6.999862915200854019e-01
2.549875946343841404e-01
-8.998815394375551113e-01
-3.302468977998313515e-01
4.962100022126014753e-01
-4.840431544081269521e-01
9.414759906701779257e-02
-9.968575059435096364e-01
1.454468378672990614e-01
-9.558245181916826816e-01
9.967217901337319663e-01
-2.886865790808239990e-02
-1.764211775035022245e-01
-5.225908573142986624e-01
-2.470650916380551232e-02
8.626730686353470956e-01
1.068987102395208555e-01
5.029208102797911861e-01
5.692738662352321288e-01
7.844571037522380941e-01
-4.736816461564660186e-01
6.753659607611750548e-01
-3.294223073532816515e-01
-5.602605467176178244e-01
-2.713299335392234113e-01
-3.775529811491446647e-02
8.045694120839996799e-01
1.469162459961544098e-01
2.084640105096582374e-01
-8.063220078008137559e-01
-3.629108202986822129e-02
-6.505385276386010940e-01
-7.246938625392022049e-01
6.766386988778503309e-01
7.711833370734884063e-01
-9.190463401252175757e-01
4.656333924127549206e-01
7.032826175430946236e-01
1.199465808617606460e-01
3.719719426185162936e-01
2.986540470761864796e-01
-4.380219750853753813e-01
1.434504372744158929e-01
6.965887585418862882e-01
7.258683407766003404e-02
7.259445122751980728e-01
-1.362783371825724288e-01
6.459758022081978357e-01
-7.081545104924703571e-01
-5.700548612826975559e-01
-9.177880342768716115e-01
-7.653007893053322963e-01
9.420102748264085335e-01
-3.120270060053492167e-01
-1.872048015483303018e-01
8.548501503230723220e-01
-8.039052844956174892e-01
1.866640891242462574e-01
9.438753016509053850e-01
-2.460381991406909719e-01
4.946499517727130923e-01
4.844649920348325089e-01
-5.817038673698072815e-01
3.393547063981754985e-01
-5.758570919110057584e-01
-4.536840483425049753e-01
-2.430136771634423543e-01
9.825494366952646219e-01
4.754136500449125391e-01
-2.298402188792484421e-03
-8.293189966807646973e-01
-5.797601183593650287e-01
4.883279814109334760e-01
7.315752795915353435e-01
1.966537990197013142e-01
-2.117184960048540676e-01
-1.971568719702381511e-01
8.340400914649495068e-01
-9.995137169730088367e-01
-8.335408485387716393e-01
-5.618497686811445568e-01
9.639111159063173950e-02
5.336529206489457611e-01
6.395032869826464683e-01
2.530053195998979154e-01
-8.049808946884768890e-01
-2.979311880467427343e-01
-2.028094292936556409e-01
-1.996112691430380059e-01
-9.581534864081613367e-01
6.086260616548631042e-01
-7.941269633916739901e-01
9.522845933635971649e-01
-9.910850807865176360e-03
6.381942702112407551e-01
-6.270395562898317676e-01
9.724747721060128525e-01
-9.332813950808060977e-01
-8.014088184679623028e-01
-5.316196666189726416e-01
-9.268450470980098554e-01
-8.431925916065262649e-01
7.917580761535134015e-02
-9.749134051755827812e-01
3.909724733703335287e-01
5.495957151746171387e-01
3.619239067550654165e-01
6.310277881574046788e-01
2.446418907027810008e-01
-6.688269083186004771e-02
-9.114940899471386526e-01
7.022528594805873062e-03
-2.255537403256970830e-01
-4.281055409528728983e-01
1.395747840369811477e-01
9.770786972412150995e-01
-1.899980249732601545e-01
-2.435564163852259600e-01
-1.361353617534552252e-01
-9.848686190909718974e-01
1.325245580530938494e-01
8.000279089811863642e-01
-6.372834633352052469e-01
4.616768670737200209e-01
-9.497120217451712199e-01
2.341943415512098003e-01
-8.526742129658401725e-02
2.039642397249585848e-01
-6.903731322460204822e-02
1.892658236294421092e-01
-9.460840444073901345e-01
6.041144075612912001e-01
3.887862462063060853e-01
7.851659122865899398e-01
8.887863763491624658e-01
-8.574282070363895003e-02
6.513910053031255476e-01
2.005163512253949065e-02
-1.368514090894946411e-01
-9.209900116832812067e-01
-9.856060329723975721e-02
-8.364354468536824294e-01
-8.888230004738086887e-01
4.838200018658229268e-02
8.951322234876457618e-02
7.844505132158171579e-01
-5.721352434290321032e-01
-4.360191847412815402e-01
-2.083286295260974585e-01
-3.510384829320600253e-01
-3.378935726844044529e-01
5.704729023990895431e-01
1.656752774941140649e-01
-8.180578652481896862e-01
-3.465692483064328200e-01
-7.731718091584744990e-01
-4.316816095799720365e-01
-7.737069866250816386e-01
-4.696736254170758573e-01
2.285007816120881718e-01
-7.218033862879251750e-01
-9.609073825762792787e-01
4.505663865744421459e-01
4.249836107428368037e-01
-4.610457910444329954e-01
9.750410689609780857e-01
-4.593367920222711787e-01
-8.549799978723989780e-01
-6.556840789173936646e-01
6.353826741847917736e-01
-6.873815428674143746e-01
-4.786219153925983516e-01
1.976021737928266575e-01
5.174263473677001013e-01
-8.962068477583973181e-01
-2.069935903537847843e-01
-6.453534843600892135e-01
-6.763874615756827469e-01
-3.986144408081445656e-01
-6.150257242215387277e-02
-4.093096141660354514e-01
5.595200900555067358e-01
6.339412692573658248e-01
6.196489396980773279e-01
-5.454915994386121403e-01
8.623284322568240956e-01
6.103875673485071873e-01
2.393660041864006105e-01
-9.825658839555410085e-01
4.964534438495892266e-01
-2.947213384957209081e-01
9.307849562619659178e-02
8.150152567213594379e-01
9.329047294290393477e-01
9.033750332137319150e-01
-3.106772993356716750e-01
-5.963574701415779167e-01
2.002868715031296265e-01
9.406872573638229706e-01
-1.922437729446421772e-01
-7.754677563973020327e-01
3.514178160332009915e-01
2.333251405714198423e-02
7.340870842807186714e-01
7.329107364670639502e-01
-7.401612429579085273e-01
1.042207540642550723e-02
9.940523537641321461e-02
-9.968380109391963839e-02
3.208562567868034066e-01
2.969910629853400597e-01
-6.005297483451156326e-01
-3.406658779741170706e-01
6.020956252234485051e-01
-1.657511471090838406e-01
1.662437366998880672e-01
-2.310382962206771751e-01
5.955439494041716575e-01
3.072775790431707121e-01
3.215994397211665579e-01
4.261649173366646171e-01
9.721642266241481423e-01
8.829103582402207939e-01
9.182055628681957682e-01
-6.462425575174979286e-01
3.544018359312599009e-01
-7.793172953594240671e-01
9.120305393227630120e-01
-7.648813578979651862e-01
