-9.871295834002202785e-01
8.703138787046376112e-01
-9.590867373008766794e-01
6.053786907492788583e-01
5.184721803165956988e-01
-9.515806942447793126e-01
-5.978248281254969765e-01
-2.229446804446040820e-01
-9.753328968919081632e-01
8.886810677163832217e-01
-4.762494981056691334e-01
-9.741944524652583759e-01
6.093918190266356394e-02
2.382688556622163389e-01
2.027166444760439279e-01
-5.736921475183200114e-02
-9.850247163719878518e-01
-4.525270231761664985e-01
-4.439722288120315774e-01
4.587723702116608404e-01
-8.163332241212358786e-01
6.561703402959289111e-01
-4.767719284786189893e-02
-9.284363732986911089e-01
-4.912059492929636284e-01
4.278759548818064085e-01
3.589483747748730691e-01
-8.406856906497807147e-01
5.702009024323929642e-01
-2.621764010628389596e-01
7.941123635111074774e-01
-1.453391522571494399e-01
4.045042750940146536e-01
9.508529740071771652e-01
-4.664478948517002399e-01
-8.414033885606214680e-02
6.248994645323772135e-01
2.721747231747176921e-01
-7.152118544670218458e-01
8.503792174680777638e-01
-3.068768474197262619e-01
4.207954398293272114e-01
8.373872290882953262e-01
-7.799564838219213980e-01
9.578174953530766977e-01
4.187415095739137061e-01
-7.829719563284325279e-01
-7.317616685970014245e-01
-5.735657677050163272e-01
-4.925571069807737068e-01
6.010461276463896496e-01
8.657909773335341619e-01
1.767429257959060585e-01
-2.635061327273813259e-02
1.323523151739174342e-01
-9.282567153789555991e-01
-5.883947976983151529e-01
3.751308225509314975e-01
-6.629073919749866040e-01
-5.130472372155223115e-02
6.749802247630770635e-01
7.764294077997235810e-01
-4.935679855765113810e-01
4.470482195503541756e-01
7.992651606599403269e-02
-8.948226739108424699e-01
3.295755116824450326e-01
8.586567272079800306e-01
-8.832680924873015371e-01
-5.239033962201259387e-01
-9.878096256959830734e-01
4.126332236540207754e-01
-2.425042717836742301e-01
-4.086466213823312099e-01
-2.855499776435934667e-01
-2.373528216533329627e-01
-2.541075861094508337e-01
-7.966768195230484739e-01
-9.445796243181461271e-01
3.378823684819200479e-01
-7.348045812742135530e-01
-3.886520180768375798e-01
9.297563347968848535e-02
5.266040227303869781e-01
-6.949043171328497248e-01
-6.655984236118206443e-01
-3.366015368916375761e-01
-2.880191821295617904e-01
3.700172650432428378e-01
-9.961135848329828457e-01
5.780046708415123025e-01
-9.958139929937586121e-01
-8.531397566986724801e-01
9.302112604821874964e-01
1.043881915739950372e-01
-5.207104852904751446e-01
-9.945650439941128296e-01
-3.378932606294599017e-02
9.903095509959743969e-01
-1.530245198862492662e-01
4.840629501400680601e-01
-3.885242921916218783e-01
1.890612687862934793e-01
-6.692936985041220144e-01
-7.127274505385193804e-01
-2.051215019856243438e-01
9.743118351190319659e-01
2.361909508657142331e-01
-8.484735842039731191e-01
-1.561453834907509386e-01
5.251137585845777611e-01
-8.381196397444136137e-01
1.389156744003988142e-01
9.814258637297819110e-01
-4.897828309452605389e-01
9.266183105032369527e-01
7.691466421826366195e-01
-5.569572676918888021e-01
-9.641268197753084523e-01
6.352430318095749762e-01
9.970758490882002389e-01
8.142807306425710046e-01
-1.219350690547512106e-01
9.246974747766246727e-01
6.010638768844600577e-01
2.653170495129121287e-01
2.109361233715537631e-01
-4.466853678079333312e-01
4.603360638892791123e-01
3.411449237209934759e-01
-8.657455081487734905e-01
-3.234535133852366462e-01
-5.393851709948982442e-02
5.828068909212512638e-01
-7.931041339073419127e-01
-6.166108239721337370e-01
8.714501524807392041e-01
-5.547477127188223806e-03
9.334522013489096048e-01
-3.740189762385049965e-01
-5.313297025182479594e-01
-3.157815810781427479e-01
-1.042135931659913806e-01
-3.064410997186617358e-02
1.018372657937025444e-01
8.172403871470018677e-01
-1.379563097262936910e-02
5.614591722096263782e-01
8.338153615994576828e-01
-1.043974040087803090e-01
-4.700106099497473044e-01
3.252026788148891234e-01
1.860825369563467446e-01
8.000737911093254162e-01
5.877095034192005851e-01
7.384254121773708990e-02
-1.956266306799263055e-01
-2.491660984875582185e-02
-2.321865171257020133e-01
1.534908868105182012e-01
-4.056158409903680706e-01
8.192575353776083702e-01
-4.814393151340770616e-01
2.376660928400357586e-01
-8.500098539803305764e-01
1.194871066944089011e-01
1.507154920104347984e-01
3.733245993800029527e-01
6.580866183315701168e-01
-9.151202534944369305e-02
-1.205807794084860426e-02
-1.690197138976972102e-01
4.043005136227448837e-01
-3.189787369170526965e-02
9.653264481805641228e-01
-2.332997613970314577e-01
-9.175873409939400149e-02
-8.113047737978613672e-01
-5.758561584964466684e-01
4.659657931569564093e-01
2.275204218445209814e-01
1.798282870692737290e-01
-4.677059918402527439e-01
-2.311947549699312765e-01
4.035711410303299829e-01
4.167680982965740188e-01
-1.094696433671870917e-01
5.838930051491816320e-01
2.053888690623272562e-01
6.907962313676818678e-01
7.022510384856313070e-01
4.543063085712679139e-01
6.487386956541434380e-01
1.247821091629187640e-01
-5.704026981443832689e-01
9.435911852983730475e-01
2.597386123995603091e-01
2.399343156490150175e-01
5.478757942095977551e-01
-1.173867497532801174e-01
9.972126336190939577e-01
-1.679038421169859463e-01
-5.572300696316828672e-01
-2.160092600219170600e-01
-1.352638815453666155e-03
-5.109640568988105258e-01
9.448973965005231790e-01
-8.561801296678779316e-01
-3.579010222899194904e-01
-4.262237442802596088e-01
8.135557658583640883e-01
-4.849951945038799006e-01
2.763896845256875734e-01
7.511954692150039081e-01
3.583333791230363108e-01
-7.024714414217727576e-01
8.275682422898883450e-02
-7.922937536105217893e-01
-2.647934669430116461e-01
-4.647390585277115793e-01
-8.133414521344315418e-01
-3.685831028620795147e-02
7.347318636200569908e-02
2.545589443886111525e-01
7.836244568508249353e-02
-3.965282558094449517e-01
3.709314950921999143e-01
-8.537870528483959554e-01
4.840741983450667640e-01
7.196687911191437248e-01
-2.620303565729311113e-01
2.778003351958632239e-01
-5.189657488223091697e-01
-6.524685766384416552e-04
7.385605750504231626e-01
9.430781320971911574e-01
-2.331498301429133502e-01
9.770223843952545728e-01
7.283110482166667010e-01
-3.766232112282663635e-01
5.045902030354751933e-01
8.917132606095491409e-01
9.695263761433466909e-01
5.532061853046297273e-01
-7.995981461689178893e-01
-9.204499965515005044e-01
8.977573100539116835e-01
6.745488990241635952e-01
8.517355820020825474e-01
-3.255152998355312910e-01
-6.731960162516025248e-01
2.869893514769128462e-02
7.835541257632627765e-01
3.079797078908391716e-02
3.934760452547799159e-01
-9.427177865469424933e-01
-2.900832105857583110e-01
9.064627237278611860e-01
-3.530931747534364895e-01
-3.160583734586990823e-01
4.557412026092435564e-01
3.859504008710840650e-01
-2.843349255837115397e-01
-8.189772039402511972e-01
5.746552689084807319e-01
