1.471302119564041333e-01
9.943771645820966842e-01
8.130225879826579183e-01
6.227134919995647167e-01
-5.314507413687419302e-01
-7.688922158616118274e-02
5.145340732037197995e-01
-6.926759259291119797e-01
-2.702810585580747160e-01
1.561403838221195883e-01
5.892927677605475090e-01
-6.202141017128048883e-01
4.835223501775826049e-01
-3.182267373350340378e-01
-1.488028179952890495e-01
6.385935000762732461e-01
9.234484805908395044e-01
5.702510407150491734e-01
1.342669086076427876e-01
-8.799195953500438261e-01
-8.655718718307210402e-01
1.584173716243367780e-01
7.348797290932926884e-01
4.878752346875568358e-01
5.527336179686479500e-01
-2.270519900719361051e-01
5.111846006929596786e-01
-5.414271321276558080e-01
5.593681876722740309e-01
-7.482887368319752763e-01
-8.136897164428924523e-01
-2.194438380406182887e-02
5.972648107687811292e-01
-1.697043141994372117e-01
-8.909922883482216394e-01
4.605355870409154062e-01
-3.799681006526857141e-01
4.941689017214231927e-01
5.188451391284428782e-01
8.497887742848284631e-01
-5.941875433048524613e-01
-4.351933734029823642e-01
-8.647199431991567931e-01
-7.076862452671529580e-01
-4.390007463555623546e-01
-4.156824958672058479e-01
3.117523758578879534e-01
5.326869692524984767e-01
-2.336442400914024164e-01
-7.260703357161937266e-01
-4.537330228272493104e-02
8.293143590301466084e-01
5.988192894619820406e-01
-6.422378895448001002e-01
2.666727816246809990e-01
6.495928277303979481e-01
6.133163512201919021e-01
6.136398959493460925e-01
-2.876184868360931457e-01
8.922606614214657617e-01
-1.382974584896881354e-01
4.363586113680937850e-01
5.717565031068154724e-01
4.562267450128368873e-01
6.348135933818279675e-01
-2.398690844390947152e-01
3.735617000879343230e-01
-1.925779287295776854e-01
-1.706646066853817478e-01
4.901524966271172956e-01
-2.198587261213366673e-01
9.842408676152892832e-01
8.380340853359213860e-01
7.702851714891396639e-01
6.278443057138013428e-01
-3.984173223394536500e-01
9.726312103539469511e-02
3.760010672520878172e-01
9.309973546589823679e-01
5.188047075865269697e-01
-1.255500923962467597e-01
1.489095105486814563e-01
-2.597503602186557181e-02
-9.139987948080259272e-01
-1.578917212271619408e-01
3.838550348789619981e-01
6.552057831328266246e-01
-4.388125161260056362e-01
9.604900783763237193e-02
1.617783915474961809e-01
8.075740328548655089e-01
-6.733336223002053256e-01
-7.574626469199255974e-01
-9.212009245668527635e-01
8.046874381692604716e-01
-3.357940633844944123e-01
-9.289378358199195107e-01
4.972550586207760692e-01
-5.186088907769348388e-01
-3.978887541172986819e-01
-4.031081874761348605e-01
-6.580317779620946661e-01
-2.569537156100115682e-01
9.235599745118332482e-01
2.480648064674608744e-01
4.863176363787872214e-01
-5.189532796183574104e-03
5.073852117684434226e-01
-2.600141105954130172e-01
5.083016973579208564e-01
-1.035694534429701941e-01
8.064750581573862931e-01
-8.703495688488134263e-01
-2.783256766903077217e-01
-8.124015386374483505e-02
9.123509006153727174e-01
8.184070471092805832e-01
-1.810798211622829390e-01
3.364876850169505884e-01
7.501995082433401962e-02
8.543847572294568371e-01
-3.849827385566895743e-01
-3.426795538478246694e-01
8.504877700130783480e-02
6.937559706787408409e-01
-7.439309798054694056e-01
-1.908720443147751133e-01
-4.889240328404620417e-01
-8.062604144848475318e-01
9.006292456864650742e-01
3.166585054906674301e-01
2.832481535249178339e-01
5.268089465416104789e-01
-5.232971044784040515e-02
7.321454909918784226e-03
-7.399999208993868205e-01
-3.810851812873369271e-01
9.290064672196166606e-01
9.253456932531429757e-01
-3.652864014669962023e-01
-4.056708764443036630e-01
-4.263027498048886366e-01
-3.748596196272304670e-01
-8.301986392638566192e-01
3.504286453715234062e-01
2.363594838280238530e-01
3.804984897524016363e-01
-6.121798501150854666e-01
-1.659047029234602122e-01
9.361084934372554400e-02
1.303184388392024662e-01
7.516484932815599151e-01
-8.942559143659181142e-01
-9.074136278944271439e-01
-8.413013504741397863e-01
-6.952035226006605395e-01
-5.411751022911998055e-01
-7.991263489210473914e-01
-2.115464632937980038e-01
-8.763942043682837468e-01
-6.102061492258953335e-01
-4.065438771272834595e-01
1.620990067719267902e-01
-6.596068726840096375e-01
2.700239899576954983e-01
5.277378418672422633e-01
5.949580193479993007e-01
-5.695682618975345113e-01
-2.417650326167815056e-01
-1.925436670109335058e-01
-4.389039459538430776e-01
-1.096008002315318614e-01
6.645327635262889832e-01
1.878836798874998770e-01
4.966816245697938115e-01
-4.888797817381653199e-01
8.600651043900588988e-01
5.272984016278594588e-01
-8.904762472684921715e-01
-3.621838347374639611e-01
4.315560016109786234e-01
-8.980355279240506694e-02
-7.878235076381217006e-01
1.511394872386452037e-01
-4.763664293203578870e-01
-4.542020958843204781e-01
5.147772424578042072e-01
7.515472830146631145e-01
3.737904910786818413e-02
-1.109862245514954271e-01
-1.473206889974880696e-01
-8.636402144715451534e-01
-2.948816377274915412e-01
-1.077979696504946516e-01
2.089694839225198775e-01
4.878205295296289545e-01
6.721958330715244179e-01
2.141498328214024860e-01
6.945536646101913014e-01
-5.249601982384630716e-01
-8.690065928866813616e-01
-7.364351929171965017e-01
8.308964430195339146e-01
-7.279029549051496684e-01
2.509728577873532318e-02
1.575984757236421063e-01
-3.000749930869553439e-01
-6.638059222795225645e-02
-8.329270247793717497e-01
4.907702456288824955e-01
-6.572971965542362405e-01
-7.494675751222688032e-01
8.019341617100961273e-01
-3.401788881037555168e-01
8.519165743104530897e-01
-2.297391886306534570e-01
-6.885974907495802100e-01
3.096398997456464852e-01
4.928966192637522781e-01
9.139633270267994991e-01
3.695039473277905717e-02
-3.571763825076212928e-01
5.248281526902530691e-01
5.806536174005844098e-01
-9.680628709964371748e-01
3.441082780484807646e-01
-3.112217921256995590e-01
-2.278876527221287973e-01
-6.327156816102785797e-01
-2.920321123205150693e-01
9.212925018341326933e-01
9.362407380524179201e-02
-5.523877425897243398e-01
-1.731803234816182702e-01
-8.605462464123239119e-01
-4.868887097238828732e-01
5.878637849157737350e-01
-4.265413914178472488e-01
4.217349020397628823e-01
1.102253254739474775e-01
1.534886351938704596e-01
-4.577229572329716278e-01
3.087139060191189388e-02
7.626919706955352929e-01
1.747976306875619890e-01
-5.338888915270095792e-02
8.335679376312136180e-01
-6.929637270159871854e-01
2.295718069204971679e-01
-1.923699014318944744e-01
1.689752348069130106e-01
5.143821527971481622e-01
-4.260205185419797536e-01
1.098981389107540618e-01
-9.568462115833491488e-01
-8.653715843115969975e-01
2.906058015084755919e-01
6.428327553870463174e-01
-2.434570834545316531e-01
-5.064065834873621164e-01
-8.533027281270849640e-01
-5.385699554935066136e-01
7.897068469013091008e-02
-3.853439316368576506e-01
7.196764928981641551e-01
