-6.005182688054635509e-01
5.790970876480165952e-01
2.731010351397218372e-01
3.653731789780794159e-01
-9.904584020785853760e-01
2.603271408257230579e-01
6.671486364684233727e-01
-9.188548402638629931e-02
-6.819488530372332935e-01
5.194024729038897448e-01
-2.302064414058868635e-01
5.097716338137470160e-02
-1.873707764428786948e-01
2.542213606519694302e-01
9.203015835759056351e-01
2.597717229578448972e-01
-2.516054120209985090e-01
-6.336100146995682358e-01
-6.995459016835350319e-01
-7.095004090650003370e-02
-3.383919146026805880e-01
6.691428078456305162e-01
-5.136890835925376209e-01
6.216277728696300020e-01
6.306626811225588547e-01
9.430552865239831828e-01
8.548010899186129219e-01
8.841494566804783961e-01
6.628727748504772421e-01
-9.016536532580230467e-01
1.840759162668466065e-01
-2.029724582530212373e-02
-5.553706991649787206e-02
-2.189700418940374593e-01
3.955327390098291040e-01
9.712161962046939045e-01
1.031661977870761415e-01
3.369321297994449793e-01
4.988965032023184865e-01
-8.777955810338213816e-01
6.478371845277925978e-01
2.119533689517743014e-01
-4.308360794470182942e-01
-7.756026338859609570e-01
-4.153437770295682618e-01
-7.133496920204944747e-01
-6.876190633041592282e-01
2.377511238280900496e-01
-7.372617873406084321e-01
5.594586273567536683e-01
-9.794625196723774074e-01
1.235404584819925766e-01
4.819909689647052797e-01
1.139790267824176695e-01
-1.122273461526417382e-01
-9.965045271879646727e-01
-1.876473138164702625e-02
-9.964534956183821457e-01
-6.551619828574595239e-01
4.882879547959706468e-01
-4.578630659605020803e-01
4.713116980166167647e-01
-9.971055410106153261e-01
3.865432564449704511e-01
6.540544360720796924e-01
1.629672428757826808e-01
2.455640462657884271e-01
1.930195655627797713e-01
-7.245556600701497096e-02
4.808854572552423434e-01
-3.920557959694286332e-01
-3.016365740652073857e-01
-6.341767050541207151e-01
-1.168608519824463343e-01
1.561365315771618967e-01
2.726417224359409808e-01
1.140156201131592439e-01
-6.507808779178652081e-01
-9.711372178499169117e-01
-3.985429984047905716e-01
-6.067112778887748803e-01
-6.742514790243794298e-01
2.265679782835372524e-01
-1.288103345400628541e-01
-7.264168938924404628e-01
9.749444009555672253e-01
-9.625687394109549988e-01
-8.119264875949909754e-01
-3.524300539529181542e-01
6.855114429782254160e-01
9.684845149461518421e-01
1.376177166238632399e-01
-9.816862134355008873e-01
7.142445359543259098e-01
-3.454142324247928553e-01
-1.959406026868135697e-01
9.898861054094267864e-01
4.955783217182163636e-01
-9.256168471593295699e-01
-5.518985281430308643e-01
-4.949700462704031967e-01
-2.621039826146147611e-01
5.216231119044021369e-01
6.283597249492751668e-01
7.295851605057526168e-01
-1.459864254785880888e-01
2.756628914697012434e-02
5.110113700731073738e-01
-3.287938763472819659e-01
-7.880844089352654347e-01
5.677496685020171352e-01
-8.277053605409110393e-01
6.084316185160283386e-01
-8.038700080586136387e-02
5.240174744851782140e-01
6.090692091361735727e-01
8.360351014165916528e-01
-8.506259816020458331e-01
-4.666349808095813234e-01
-4.489990264654994956e-01
7.889113807746426232e-01
8.396706077707598581e-01
-3.201967417292912454e-01
1.265127213223498082e-01
-2.143698676473240194e-01
2.681768015871819344e-01
6.194223995664625004e-01
-7.085540099064167041e-01
6.386699187902979968e-01
-7.551502962232297111e-01
-6.970273115512728435e-01
6.283079556548281097e-01
7.313387230217864854e-01
-7.604044051407243821e-02
-9.130546503158485372e-01
3.855474819196524905e-01
1.417028576603049927e-01
7.078389578317829667e-01
-7.351035577074811478e-01
9.189942920949585314e-01
3.156581466051922025e-01
5.815087160007905709e-01
-6.131874651089035400e-01
-8.569447289824292380e-01
2.242269422429077341e-01
5.966851921286149274e-01
-7.506762830761926075e-02
1.117086871884449550e-01
-8.437363803260480299e-01
1.821626809823433391e-01
-6.933790654930440667e-01
-1.000817311949635524e-01
-9.734000484665052966e-01
5.046598170613003642e-01
6.869577632685308632e-01
-9.907356289038191655e-01
-4.854446224745809779e-01
-3.740552583176364188e-01
4.014777135423270860e-01
3.877724379178271175e-01
3.378941068683982696e-01
-8.517206130871328718e-01
-9.542532171118396356e-01
8.403806103462729826e-01
5.175606338987670529e-01
-4.290851776854849309e-01
8.368500636251474667e-01
-6.068655123702972887e-01
-3.869075508167230115e-01
-2.747860624057103518e-01
-8.760520848051742693e-01
-3.799836289818865342e-01
-3.503935195700020877e-01
-9.459024576132279982e-01
-6.234378517352368032e-01
9.108145884403817671e-01
4.033825712248308992e-01
-9.462491645568888998e-01
4.357644464746577295e-01
6.532116186010332726e-01
5.988980240222923079e-01
2.294318113388058578e-01
7.227029139432101790e-01
-1.949815780961565714e-01
9.169373861056027142e-01
6.345299050827941656e-01
-8.242859638221311513e-02
-7.192755202598108966e-01
-8.158520667829609607e-01
-8.271160806155266609e-01
1.730716407702972415e-01
-8.736821210927321335e-01
-2.006070004834961118e-01
-7.063294229605516783e-01
3.407993276038738806e-01
3.529677994513515937e-01
4.941951822760950463e-01
-4.731813838613474488e-02
-3.515900428273219802e-01
9.624537367739449678e-02
7.486985289982885927e-01
-9.321455907913749339e-01
-5.967589777975879084e-01
-2.535866563726905110e-01
-1.372841165019278442e-02
6.794926526006443979e-01
-7.257820755327120121e-01
-1.177939206814588857e-01
-9.063230671049176124e-01
1.384371694265960073e-01
-7.068609911422278902e-01
-9.849269235726196836e-01
-5.939493128337436367e-02
-9.890402137419724848e-01
-8.798438059239783726e-01
1.727552896521182824e-01
-6.865752757776208970e-01
-5.971706416388777861e-01
1.889272951699509928e-01
-5.127052091821178159e-01
1.087669641138999665e-01
1.516931069693139289e-01
1.783119499091847526e-01
4.990973953878483638e-01
-8.238251170047574679e-01
-6.230848791826670841e-01
6.518965974089996340e-01
-9.290541808987708983e-01
-5.518650370941922123e-01
5.086511447355825943e-01
-9.957919729654842733e-01
8.001231525211562889e-01
4.560253942990237785e-01
5.036156170732468684e-01
-6.112952659621024853e-01
5.632266354270878406e-01
-2.199210249890626301e-01
-5.181034663107806360e-01
7.439864159696845114e-01
8.946411365650384084e-01
-7.891037129108768866e-03
-3.765201340864501312e-01
7.130211495875031780e-01
-6.107643572277032806e-01
7.875777570804667338e-01
4.241360569140999459e-01
-5.990535881923211292e-01
9.681775844040954038e-01
9.026284480663220311e-01
1.845183273259234369e-01
-3.471620247233602186e-01
3.860376122868147686e-01
-6.919744850311548845e-03
6.214126678799449799e-01
-9.412673892997480696e-01
5.908772906381312140e-01
3.820556490393345328e-02
9.500306393120627746e-02
-6.124768004069622851e-01
-7.016237682741266468e-01
-3.090701516496996426e-02
8.463632912244263284e-01
-2.919065244032503781e-01
8.039716503487259747e-01
5.637806471308293155e-02
