6.313510051568098635e-01
4.151493305606853701e-01
-3.135483617789247557e-01
3.942320009658729640e-01
-5.645116054171319675e-01
-6.750411833735235900e-01
-5.926536790816601119e-01
2.949404167502488461e-01
2.462227855260978870e-02
7.341554995775304571e-01
-1.034014897426117352e-01
-3.413063204625688130e-01
-6.577344016717538988e-01
3.329602696712428145e-01
1.072187381860298938e-01
1.192732009400169491e-01
-4.319557544715271202e-01
-6.459719223247575304e-01
2.376599286200453132e-01
6.788712786283732648e-01
1.187421696577959374e-01
-1.236436301721490771e-01
-7.825762890270724359e-01
-4.835691518678886247e-01
2.406592527585935393e-01
-7.972649732084775565e-01
8.459563567069061651e-01
6.952210032786406702e-01
-8.613960375743748843e-01
-1.746831189038735577e-01
7.740111065890225017e-01
-2.602198938176439325e-03
2.858300643881890313e-01
6.966586102289127336e-01
6.410465863096929118e-01
-2.939483939640025190e-01
8.299077540472763470e-01
3.193930320630871122e-01
2.740618972247079732e-01
-3.292595771938948701e-01
-1.924543297231529060e-01
-7.242344520141714703e-01
2.910953864622242149e-01
5.816110830041988367e-01
-7.449406061835041060e-01
-1.670003876295655110e-01
3.993554404006451897e-01
-6.990390009271065797e-01
4.943595123879053199e-01
6.139454546028147996e-01
7.437346662272062980e-01
6.973365049879760580e-01
2.299924011685123837e-01
-7.878192993850392511e-01
-5.096837520495411944e-02
-6.430648454090400756e-01
3.858255668290885287e-01
4.724463916810728303e-01
5.604865160929540790e-01
9.321595907214290655e-01
-3.064804847822206746e-01
8.410104780295950544e-01
-8.050786405601964568e-02
1.463438341058688752e-01
2.220698781719159243e-01
4.033476561972217933e-01
-3.462064653590359864e-01
7.506945332652237290e-01
-5.610553794409482986e-01
-7.511324601702717985e-02
5.463038759336917849e-01
6.888041818489809565e-01
-1.420922424027196707e-01
-5.097124232171978964e-01
-1.296042462436031162e-01
7.416954066488039565e-01
5.466399222404270120e-01
-6.366140132129991525e-01
7.106314891634983866e-01
4.794040898333385980e-01
-1.800568218507406781e-01
-1.522441806817202981e-01
-1.071145938762840810e-01
7.030522915619163982e-01
3.799002499870205440e-01
-6.869739399304318761e-01
-5.813427362813079480e-01
-1.404962503677402719e-01
3.956902743893511154e-01
4.190206412332189156e-01
-5.583747167859267613e-01
9.550414548273664650e-01
3.389743905093913212e-01
-6.077034952371183074e-01
-8.353616323821331235e-01
-1.247801535933936723e-01
6.663506183584383402e-01
-5.197581509858526516e-01
3.158390978756231426e-01
-8.847551733328580248e-01
6.511388922302957516e-01
-2.604258796461502712e-01
7.339948692978752742e-01
4.173568861438423649e-01
-2.857071526789720650e-01
2.390461099384460220e-01
6.877067638702936136e-01
1.512024404547891443e-01
-3.034911462490020306e-01
1.328140824629682193e-01
4.842943492038920272e-02
-2.904471242012220955e-01
5.048675778404774217e-01
6.276262985356447777e-01
2.784765017439816415e-01
6.701025193106057154e-01
3.751780239122743943e-01
5.529193962967717813e-01
-9.726874521260965301e-01
-5.785429758553890522e-01
-2.680454087250088158e-01
6.357924106638408457e-01
-7.355502022362125913e-03
-1.485095035874706149e-02
7.832817880932807508e-01
-5.132232970950584283e-01
8.010205958614904365e-01
-6.186384444715983255e-01
-4.807576445348182848e-01
-5.038536339056723934e-01
-9.684555741743323676e-01
5.085076242685366843e-01
6.651421105887331819e-01
3.904795632267292205e-01
4.674158165914188423e-02
8.527906965506919512e-01
9.329271037348121354e-01
-5.535102086315780712e-01
8.084811190308345275e-01
8.794085632375165940e-01
8.871815550841599674e-02
-6.107994387423493210e-01
8.648655939204519250e-01
7.569044136367801823e-01
9.082525492963958724e-01
-2.158868546668568089e-01
1.465343509778620490e-01
8.980816238121435147e-01
6.958426072830360409e-01
-5.551268233635148208e-01
1.266115685973815963e-01
6.603650909312166473e-01
-1.675119835091600784e-01
-1.537737171067366515e-01
-8.938887903262312529e-01
9.049466533297725324e-01
8.609366940039393512e-01
-6.380712606911060902e-01
1.415891248734136576e-01
5.488606670996114545e-01
-4.879362646188563080e-01
2.613406355925492197e-01
-2.077965796192895453e-01
7.225846279963943353e-01
-7.332276559618930989e-01
-6.813369837278731023e-01
-6.656053052187826946e-01
-7.551828734113299468e-01
9.719783952289746676e-01
3.575162183824643347e-01
3.446146892118384653e-01
5.059248712204805765e-01
-9.999195896192716315e-01
9.169009605675713104e-01
-4.894805679218574568e-01
-2.200552199263641207e-01
7.032389484791794487e-01
-7.838428384365905277e-01
4.964412002251796796e-01
-5.247985503363861159e-01
-1.582522163799023607e-01
-7.561645658637733414e-01
-1.524889052287972113e-01
7.754357886099827457e-01
5.238884406268156102e-01
6.290616033903591031e-01
5.680325716447818252e-01
-4.947571500281012780e-01
-3.433316159222039587e-01
-2.875915766436716314e-01
4.197270219465306651e-01
7.800718553901935248e-01
6.629756229053244965e-02
1.528079528981457491e-02
-7.714546067788993211e-01
6.492880764165002150e-01
2.163448101569751536e-01
8.382019081493139456e-01
-7.938728688281870838e-02
4.267330087028342600e-01
1.636025157338716340e-01
-7.194516097162853008e-01
5.065796884741714523e-01
3.009675402386569054e-01
-5.978104385577533986e-01
4.850652429922308606e-01
-6.476067801559065584e-01
6.948928856560658840e-01
2.323267439505472820e-01
1.981694052228413216e-01
3.489965897191985578e-01
-4.721367416835959840e-01
-7.691347877438505787e-01
5.268428271643630367e-01
3.556677702244288586e-01
-3.675248208942992756e-01
-7.277700528874575525e-01
1.998569035560195939e-01
-7.876187437444739370e-01
4.835476234072135782e-01
-4.462939871593041286e-01
1.903464964943329951e-02
-9.523758285885985941e-02
8.865811596324479904e-01
1.821505000139705954e-01
1.575466042217172902e-01
-3.835021872804805776e-01
-8.449276175265023614e-01
1.541818767664948631e-01
5.825280525239451279e-01
-9.370518803918443940e-01
-6.334790851867968531e-01
1.306921490170549482e-01
-1.334373623112172780e-01
5.302505425578367682e-01
-4.372290853738449723e-01
2.576971231826334918e-01
-9.555937116832091682e-02
8.182621196410218012e-01
9.856929152956663831e-01
2.694348547109294834e-01
-2.665838032293144089e-02
9.239371017409983011e-01
3.293710627830495064e-01
7.917504360387472850e-01
-7.264748171633983453e-02
7.564484995874372064e-01
9.008038342239981233e-01
-8.197871819403140803e-01
8.445872705328141272e-01
-8.130219812239095623e-01
6.689570345490591929e-01
-2.346783961400233931e-01
5.235100138288930616e-01
-7.840737834244937421e-01
-6.348189759509808017e-01
4.925811785113093366e-01
6.271985037190730417e-02
5.132284370456436928e-01
-6.107883464721483024e-01
9.163289511241495822e-01
3.395624983773983807e-01
3.004325244338710288e-01
4.434708052295701641e-01
-4.443826581087415573e-01
