1.815094417836351504e-01
4.567666380809642934e-01
9.257043136392275606e-01
3.367084233816921568e-01
6.028270767862187185e-01
-6.476639251769434891e-01
-2.657929946494083095e-01
-7.792255212843653966e-01
5.412662889581872916e-01
5.748712889982497964e-01
1.951426329265530668e-02
-3.410044791403513131e-01
8.594102227175636211e-01
-1.214205667842540859e-01
4.421543030634639826e-01
2.774361014560866590e-02
3.112474645075344881e-01
-7.920258920626951360e-01
8.611091601856377675e-01
-5.170311532728615322e-01
2.346738285648791722e-02
-3.534769216918463020e-01
-6.527419003077744586e-02
-5.688084525596850405e-01
4.309776749262413387e-01
3.298741457124287207e-03
7.951099312502728500e-01
-4.782940665682839931e-01
1.938699086463824550e-01
1.080338634722586288e-01
-5.216955844795998498e-01
-3.819726557828251323e-03
-9.913334738790530176e-01
-4.767679874868521739e-01
-2.839973310675505958e-01
-6.650777085238932518e-01
-3.426609625834741713e-01
-8.479650858359741861e-01
-5.381761769606587809e-01
8.167123833114973142e-01
-5.661484469407425113e-01
-4.959115594101028979e-01
8.727482166582131717e-02
-4.010563421116666305e-01
-2.740321115017789744e-01
-8.713732466599521942e-02
-3.783249215113230202e-01
3.846437072902847421e-01
5.630014520443102910e-01
-6.869000287454661846e-01
-7.427928396150723644e-01
9.923004923178597725e-01
-8.383973838944238643e-01
3.607130562196054768e-01
2.610129625609947102e-01
-3.098186103419980908e-02
-1.732148918380564950e-01
4.093408211729811508e-01
1.013146342161025532e-01
5.038741929472199121e-01
-8.295788230724556733e-01
4.360614549570392962e-01
-6.113627566264435709e-01
1.358927943722507137e-02
-6.377345692486759976e-01
-6.676182250163374965e-01
-6.463196327840662336e-01
-8.349411113546687524e-01
3.612966641500487963e-01
5.818992607776371506e-02
-5.526889287754480629e-01
-9.486929336694061021e-02
-5.255898180711580103e-01
1.074097085485867520e-01
-9.563177931390225428e-01
-9.037514948106113444e-01
6.183880895457929405e-01
-7.805330774719829723e-01
1.542312843216694582e-02
-8.806508575833271735e-01
-3.958607361962565574e-02
9.122110126364808558e-01
-3.018362940293609631e-01
1.682783479641635771e-01
-6.577246562329316926e-03
-3.462117923283187237e-01
-5.029678203580119078e-01
-5.960047807453128232e-01
-8.634105913232291707e-01
-6.142060207798947236e-01
8.992043521882066015e-01
3.610730386169923589e-01
8.304964420398956992e-01
-5.186640469705041667e-01
-3.732893108297980489e-01
8.964095834203051893e-01
-8.503798119708447789e-01
-4.322390249336248713e-01
-7.937047401401842173e-01
9.601001952440273435e-01
-9.681056963435639151e-01
1.571286544529990614e-01
7.720180635752244003e-02
8.824876990915795361e-01
1.056073152209430488e-01
2.585290212318829828e-01
9.740791654473808237e-01
5.824065741560610077e-01
1.865408590000877664e-01
-6.864271526404794321e-02
8.006053977794058696e-01
-4.784013565932725975e-01
9.261728066127635772e-01
-3.601128752096591779e-01
-3.208326742039092627e-01
4.368707314103392747e-01
-5.521340835813137726e-01
2.942621943948238727e-01
-5.944245023005050310e-01
3.227334431884788524e-01
1.194933425073870931e-01
1.111928467213215699e-01
4.013548461479784502e-01
4.466130971749497913e-01
-6.612262992424199348e-01
-3.174564326173630047e-01
6.412825777364600244e-03
-8.712801459389230008e-01
-3.013728109272278965e-01
-4.462862201676822682e-01
6.854451909715256752e-01
1.634229144498452746e-01
3.207572674085471531e-01
6.249257801134071588e-01
2.750243409642807446e-01
-7.222865045846544874e-01
-4.215617133424752194e-01
9.336108535376206330e-01
-1.898726573468964562e-02
-4.987184230471121693e-01
-9.584735239387436323e-01
-3.203806933715609429e-01
3.285277059871082039e-02
-9.957982742925011177e-01
1.749142386594408349e-01
2.690285135221214818e-01
5.626127067765700485e-01
-6.137043611971086943e-01
-9.307696296009622117e-01
2.503844331144081670e-01
8.103143444725450228e-01
7.116291884767342868e-01
-2.479098887855488709e-01
-1.342277098741356811e-01
9.526169213077396725e-01
-4.423750762094436628e-01
-4.630241480297856982e-01
7.798474657924797659e-01
1.291304634707675647e-01
-9.952397018769111314e-01
6.481461536213379837e-01
7.429918426321799885e-01
9.438764594524091667e-01
-4.627364463912330139e-01
9.680249149390818264e-01
-6.169689566762137645e-01
1.778556818988301091e-01
5.948459852789603763e-01
6.105262468857231006e-01
-6.991987262988499374e-01
5.843940917062827589e-01
-7.474715150876949377e-01
3.371017405245785303e-02
9.365984521407024754e-01
-6.819923730865014022e-01
-8.914729189803684006e-01
-8.044039836908147834e-01
-8.726966602090828751e-01
-2.865404388640276356e-01
-8.090431047607261617e-01
-7.340313090694441378e-01
-2.155666775131517554e-01
-5.880934175189607149e-01
6.232672137124698475e-01
9.776836126081089873e-02
-2.195775213631202538e-01
4.852551671126158483e-01
4.672966628863602367e-01
-6.607792545151583430e-02
2.314939773851680815e-01
1.243426304148835260e-01
-4.792294706674845028e-01
-4.591061510311991167e-01
-7.181658441886296096e-01
4.486765005444517396e-01
-3.231979942322038557e-01
8.550748093164559638e-01
5.602337355615466530e-01
8.724421115248849334e-01
-8.842498472417759103e-02
8.804627620595042448e-01
-2.261513588349979564e-01
-5.223843839277630963e-02
9.230468799098389132e-01
-5.728605310077911072e-01
5.553885841420193037e-01
-2.792907508015568530e-02
-5.247874539063234200e-01
-4.183118495197583053e-01
-6.271497400914691767e-01
-3.891533177041365255e-01
5.547209233641222648e-01
9.286474646785591869e-01
5.316481259236146562e-01
9.497172181599363716e-01
-1.285275087748645739e-01
-2.238656335242673323e-01
-4.423342306886879904e-01
-9.596706251928772691e-01
3.717588757112716413e-02
-1.396946773418473176e-01
-7.283368812017998462e-01
7.998601741204474092e-01
2.249183523178914790e-01
6.130463061753125276e-01
1.652149335016916964e-01
8.663719287661187929e-01
5.806182928252562325e-01
4.345524051728631987e-01
8.013587662331440598e-01
9.707353636412608955e-01
5.915441204890128229e-02
1.954181942142110273e-01
1.795459959419003770e-01
7.955377188500190044e-02
-1.559404171831644259e-01
3.524877568241842618e-01
7.630148172347650526e-01
1.645286446784767764e-01
5.594596092803958420e-01
-9.302503487081901223e-01
-1.090525062870754125e-01
5.230156654074041844e-02
4.179790549369686858e-01
-4.287850784944297611e-01
-6.595599105522453875e-01
-3.281622642684304814e-01
9.570593116341368223e-01
-6.554703312300446116e-01
6.914731056402187992e-01
2.790836130351028732e-01
-7.925759734282218361e-01
5.086869917732362856e-01
1.220964661578400751e-01
-1.781635634557840742e-01
-4.142784248253437718e-01
-9.699588997140792257e-01
9.737163314485903776e-01
7.738514322332175066e-01
-8.134018742231883259e-01
2.444429196521782366e-01
-9.477480752474998216e-01
-4.033360081181861512e-01
-6.482155117876031714e-02
2.767616955503998111e-01
