-3.775734390673347041e-01
-2.481188651747449209e-02
4.377824311345074326e-01
7.849123642188284844e-01
5.898348026371227348e-01
-5.338647918186123498e-01
-1.492931398502161944e-01
-7.256739653535505541e-01
-7.636749117929042541e-01
-1.786924657648301384e-01
4.473186652786462769e-01
-2.490455967813224314e-01
-1.622820595734287413e-02
2.012721012710111113e-01
-8.296882964134295602e-01
-3.919390731336970246e-01
7.993356624199743354e-01
-9.822563042388715582e-02
-4.346060980886082836e-01
-5.561612763056686948e-01
7.804042304712527356e-01
-6.640079207287102880e-01
3.004414892792535152e-01
5.724281858874300521e-01
-7.648760724084407991e-02
3.922385639362468979e-01
-7.574370154919658482e-01
-8.482497491352047891e-01
5.969044877741745969e-01
8.110764629079543209e-01
5.500940590557683585e-01
-7.099428365493167803e-01
-3.861556975766421429e-01
-7.727275237172070987e-01
-7.210243384689276613e-01
9.440396794699119631e-01
5.233955272461322528e-01
-8.868977638646824424e-01
-4.573354028279846273e-01
-6.100055105761770236e-01
6.640724072919838017e-01
-9.199762013821120021e-01
-1.779009922818522715e-01
-6.177253408574344684e-01
1.543612687173526871e-02
7.359733042041525231e-01
6.231257779079013570e-01
-8.147402947391946260e-01
2.229220038461760534e-01
-5.797956978147388030e-02
-9.724989845588569715e-01
-9.941917896261479592e-01
-8.440352206476877672e-01
9.449047230410922982e-02
6.153940099163119903e-01
-1.005452914847174140e-02
-6.046648268960088668e-01
5.121746075824513689e-01
9.598060487774887628e-01
6.565597938137828216e-01
-4.417713069289795902e-01
4.373777640348993634e-01
4.818032706904588069e-01
7.916096368320997279e-01
-3.853930100862978936e-02
-4.666147235951160210e-01
-3.895497092878102419e-01
3.458281796758588822e-01
6.890892958892628206e-01
3.106001864446884531e-01
5.558459887173183844e-01
5.414929088838035254e-01
9.285131344206581927e-01
5.015773190458669983e-01
-7.491772958840084984e-01
6.161414087843515297e-01
6.215835562772474843e-01
2.766381633004070806e-01
-9.661376001771602162e-01
3.955752349219980313e-01
-2.808938249263355225e-01
5.140131149557637391e-01
-4.686892464433096706e-01
4.293269432507633709e-01
-5.373831668198774114e-01
8.672777585890643071e-01
5.268781181322330642e-01
-4.052966204735662381e-01
2.737637195165638915e-02
-6.445619046259413176e-01
-8.577431666221378981e-01
-8.170449476059238325e-01
8.431114908651693440e-02
-8.415123451599439974e-01
5.257922543795372494e-01
2.189462101260015447e-01
-3.917765010957532379e-01
-7.679301262062595557e-01
7.031790281676751908e-01
7.739459601316965864e-01
5.724726816641174665e-01
6.078115067596324694e-01
3.275681699604717778e-01
-5.691318332665982194e-01
-8.235278777573588060e-01
9.997526330721756560e-02
5.915023837655741801e-01
-8.931240183564939095e-01
-5.455824921479351941e-01
3.406631731034944766e-01
-3.376457531691759995e-01
4.590285480014349995e-02
-6.756406175021150151e-01
7.972616401591274826e-01
9.239099274699976716e-01
3.023275382361819141e-01
-2.627791059338550061e-01
-1.119499218136668223e-01
4.280711373867937541e-02
7.502738685504173333e-01
-4.329471744648094034e-01
7.583113380205107612e-01
-7.209290932033198818e-01
-8.763692656283238458e-01
2.701182063717461612e-01
-7.485821704059495429e-01
-8.716107389331204658e-01
9.416791617964743732e-01
1.077576261282521819e-01
3.981839840120152685e-01
4.256733110623287519e-01
5.903120464373011744e-01
-8.908168671757701329e-01
2.013842283314885850e-01
-4.297677021912222894e-01
7.258894054955971065e-01
-4.495055323713172957e-01
5.188977332149047328e-02
6.459336396403588809e-01
4.201718793857951439e-01
-2.368816848103580675e-01
-8.409065256191635696e-01
5.555011410409746997e-01
-1.683608778243637083e-01
9.303452210407820999e-01
3.056828255166208486e-01
1.010146804833942855e-02
-8.987261284121524918e-01
-6.247175435849962044e-01
5.542190943664752067e-01
5.552509386841446570e-01
-5.725606982143242041e-01
-3.464631399883568719e-01
-7.084790194482731840e-02
-9.846659485414885893e-01
-7.470480478089558396e-01
-5.358730365737851553e-01
-5.799521395493707487e-01
-8.605091965698635770e-01
-7.676344102129956104e-01
5.228813381025065876e-01
7.047160399226242156e-01
2.042983539900780632e-01
2.686856253686287221e-01
-3.924408248836082080e-01
-1.420059342280881043e-01
7.382484260085818706e-01
6.738570008977537995e-01
6.297645532937101720e-01
-3.757572269570463308e-01
5.941678502192551115e-01
-9.779172587022710861e-01
-1.168237102854239040e-01
-4.324383859102908789e-01
-9.308819903576510679e-01
1.778047318093753937e-01
-7.699533244459800807e-01
6.626560875564525555e-01
9.506440977062744491e-01
9.701440133098003793e-01
9.932396856503185045e-01
-8.904116741966185966e-01
6.761976290631244169e-01
-9.683436114667368644e-01
-2.706755807715182649e-01
8.625517549465016032e-01
-1.093536825269865037e-01
3.536986525933831782e-01
-5.153651877879857901e-01
-3.305039821442152803e-01
-5.586049191775829259e-01
8.846062627050628180e-01
1.717044444294745509e-01
-2.022553330175494157e-01
9.107442415089676002e-01
-7.736089146978732956e-01
8.027369832420585549e-01
3.036772591039703095e-01
-5.521892415094029616e-01
-7.723402954771149131e-01
-3.997794322107340870e-01
-6.944334398664577801e-01
6.379036084245829352e-01
-1.463196376794224374e-01
9.716202399027499270e-01
-5.119912794607742734e-01
-9.665716149876827368e-01
-2.707453770731855225e-01
3.628913528621003359e-01
-8.276872142082019046e-01
-9.175550483690649850e-01
-8.244159469886547242e-02
1.153844144483496675e-01
7.956332648786377248e-01
5.597270860031985373e-01
4.266392257370040242e-01
8.091451146877359779e-01
4.238278396567621287e-01
-6.099629394484107348e-01
-3.918519427987553483e-01
3.906862621258481161e-01
3.045230713967536640e-01
-9.828446365546713581e-01
3.221893264320618289e-01
-9.207588214282800276e-01
-4.599446966359831968e-01
-2.328166536400132491e-01
-5.978579764894595971e-01
-6.089360723544579024e-01
4.865004656148170237e-01
-8.970984712880570866e-01
-9.623398003637713138e-01
-2.261726030897137640e-04
-2.853074236947465269e-03
3.525439905126891427e-01
5.393753847169162619e-01
-4.406737148601214127e-01
3.385564631977844297e-01
-3.187977518441293956e-01
8.863716287925154091e-01
-6.363218331518117887e-01
-3.753800681357870039e-01
-5.204964320142672074e-01
9.434247285554437923e-01
8.438327315514463356e-01
-1.433943736887024478e-01
1.419822061775084521e-01
-5.010799871656130833e-01
1.308515702920939883e-01
-4.575460299147782878e-03
-9.542961233455226067e-01
-3.930313929003504403e-01
8.137748807551105079e-01
-1.933182372038333430e-01
-2.229720208153948835e-01
1.267643973398935309e-02
7.791675189672430113e-01
6.575658703320593768e-01
3.343119165223326084e-01
4.249283518009501215e-01
-7.249396865683742641e-01
-2.163207465989776535e-01
9.609651987043470456e-01
4.787054838696832432e-02
7.385273969897574453e-01
