-5.780116379804582927e-01
9.149043731047067363e-01
9.639763908070868581e-01
6.188180133026714991e-01
2.823483862277556544e-01
-9.219562947797425023e-01
9.270422880433530910e-01
-3.632466211175265358e-01
6.331094462114716936e-03
1.057285944228482932e-01
9.415349183625892904e-01
1.427559527148538621e-01
-4.285907730475667643e-01
-5.384004172560392654e-01
5.556773173684820266e-01
-5.441027737591310753e-01
-9.910814228134252613e-01
-5.819049243850903386e-01
7.022495275395295167e-01
2.282394995047999364e-01
-7.221396808773579146e-01
-9.672156491660197641e-01
-4.927464766270173158e-01
3.998832573977115779e-01
5.552202412045481594e-01
6.708687559083736929e-02
-1.566070706802659696e-01
8.115475489799168773e-01
-4.138071082217928409e-01
-1.629422380715254692e-01
6.192515699736401702e-01
-1.306733906707997217e-01
-8.900697222556094301e-01
-3.735019172122598929e-01
3.121682821286385634e-01
9.455712971507383990e-01
-5.330507024030928243e-03
-3.671176394142632304e-01
8.140303785805700354e-01
-5.614227091957801896e-02
-9.863901816386549948e-01
-8.044738077245526808e-01
-6.018745817946677956e-01
5.381867354190346120e-01
3.197228691142020574e-02
-4.183479965058189975e-01
-9.947085315042938358e-01
-4.657653512391330963e-01
-4.897763021060452804e-01
-4.608249665758055169e-01
-5.869411139704784341e-01
8.989284430410935389e-01
7.481515536057202764e-01
7.232375619151272250e-01
3.239963269221693420e-01
4.574082844675775861e-01
1.236045395348789183e-01
2.780740122211083909e-01
2.668688735958952840e-01
8.570987988261939972e-01
7.815618932960182175e-01
-7.244778922154245793e-01
-8.257479689130882150e-01
-6.060400615428933602e-01
-4.083733294104403555e-01
-3.231538869155540228e-01
-3.976447692964538705e-01
-1.425119839688829271e-01
-5.685654469602082761e-01
-6.541905152699283299e-01
4.729878698713355090e-01
-9.178350195670578193e-01
2.124759711256687111e-01
-8.642890296957407292e-01
4.689481163094901262e-01
8.078542434924879112e-01
2.669636096411004966e-01
-9.549100099168978950e-01
1.286956998882136938e-01
-7.576647484580426584e-01
-3.241879113100019083e-01
-1.475636724106795805e-01
8.213990163206537076e-01
-4.162158437620184781e-01
-9.272856348338298638e-01
3.967647768131417063e-01
7.926349770500916714e-01
-8.876368424646150501e-01
-8.801292220770484676e-02
-1.314339679230607516e-01
-2.869368466115860272e-01
3.750001485330528572e-02
8.831230565033936220e-01
5.769988801465523176e-01
-4.145068479524048333e-01
-2.319273234526111893e-02
-9.108696983667865510e-01
7.087447896705063588e-01
-8.927680599704904685e-01
8.796442292218166203e-01
6.223536549444831367e-01
8.229394209364272461e-01
6.064266237922046887e-01
-3.352371364236281237e-02
5.436814929931457208e-01
1.155009034073246621e-01
6.829587716878595671e-01
2.724603585259037231e-01
5.421973151804013180e-02
-8.792150875599632487e-01
-3.535839939836005197e-02
-9.862164387566421109e-01
8.875527606319562057e-01
-7.104493272775651569e-01
-4.423270047674557892e-01
-9.006179416772395196e-01
-1.236134446884740168e-01
-7.340877869571045267e-01
3.178186954879463344e-01
-7.495967957415856642e-01
5.271821577867171760e-01
6.066849689800704049e-01
3.758579227459047933e-01
-5.798242883412048077e-01
5.511173247692288113e-01
-4.477701677494185795e-01
6.835537907523947521e-01
8.903098606921016067e-01
6.549916471519250383e-01
-3.783106347163003869e-01
-3.905752883920232121e-01
8.762918121684832862e-01
6.661222267483957182e-01
-1.240821984512145704e-01
-7.378972924433876424e-01
8.754642390751756764e-01
8.415759885207680924e-01
-5.695020420156108321e-01
2.342690451675292218e-01
5.884576466155866381e-02
7.129967823699995266e-01
-5.728495059200207074e-01
5.374438465756428002e-02
-6.126217408925807018e-01
4.406532915437760822e-02
-2.586941498020915997e-01
-2.162409242708339396e-01
-4.702085725082900125e-01
-4.289034111194641175e-01
7.448080950241910969e-01
3.418338807580447170e-01
-6.068355700768921501e-01
5.857634873765918959e-01
7.358574706180528446e-01
-2.019957169097406635e-01
-7.119600059408239812e-01
-2.953769983141807387e-01
-9.087871632511275166e-01
6.665308710995908603e-01
4.317096684748016888e-01
6.193927113785000493e-01
-1.588531084044362829e-01
-8.707704320768260287e-01
7.854644409076512179e-01
-3.655933865239126557e-01
3.419269580802760111e-01
-9.662493111696518477e-01
2.112731219273040750e-01
-4.049085727071030649e-01
9.584265316186743044e-01
-1.998349565393767180e-01
-4.343678228863780411e-01
9.273564331857765408e-01
5.613212035398548183e-01
5.186225431194031454e-01
-7.323940670580431078e-02
-3.487609230096111457e-01
-9.213716351077354538e-01
4.037949574006154396e-01
-9.123126953928796246e-01
5.257576844598146337e-01
7.142691230165407745e-01
7.939918482189782800e-01
-1.901980031919643932e-01
-6.422969507180714688e-02
-1.689384617857883075e-01
5.292391826864348836e-01
-7.592201344749185399e-01
6.988206039093822763e-01
-1.113146925001449183e-01
-4.298814273116098317e-01
6.926084995758269303e-02
-8.341562580579648944e-01
-5.626093461611566537e-01
5.594210112045033823e-01
-6.961768120215208189e-01
4.742612513030637356e-01
4.581371930780857304e-02
9.536328829946950636e-01
1.981006329552382206e-01
9.675409631552066569e-01
1.773269519924578486e-01
-1.300518671145979299e-01
-4.297201708555087318e-02
7.476551562853741562e-01
8.419348882716297666e-01
-6.738383987203757641e-01
-8.388391062075067905e-02
1.730320078783779414e-01
-2.119914306699552942e-01
-2.919915453413113871e-01
1.886672236338438613e-01
8.392382650264085253e-01
-8.482995921376790260e-01
5.494928691070224414e-01
8.114046472519205189e-01
-8.214266045340257172e-02
2.869171121619151221e-01
3.491017684179122949e-01
9.147147148766589242e-02
-9.826427685668046585e-01
-3.695360964535046588e-01
4.920143567277315277e-01
-1.624780943125832544e-01
-1.364244423539867634e-02
-6.493437411921536562e-01
-6.591311486119334762e-02
-8.894687543456624157e-01
7.105065102739690497e-01
-2.924198037878756873e-01
-3.881218344527677111e-01
4.553979417576041744e-01
4.126524877029963401e-01
3.924946185154204459e-01
-5.105453997160063206e-01
4.495818331048417882e-01
-9.109304301880682964e-01
6.900823597884787608e-01
-2.903621882899054540e-03
3.255883254612168543e-01
-4.378483986773812342e-02
2.522008169232303754e-01
5.470945254457183493e-01
-1.891369762163719326e-01
-3.239105498951840856e-01
-2.077747462739077955e-01
-5.249681311579093013e-01
-9.219180860022656576e-01
9.644589689851893466e-01
3.943939605245118107e-01
2.551753059554503489e-01
-6.974024554088988914e-01
-3.086778150591212855e-02
9.344195721853126857e-01
-6.158811900684701968e-01
-4.089143748045656057e-01
-7.021114867619624444e-01
2.137662287162858110e-01
8.727259106815075107e-01
-3.031014010271445569e-01
-6.032496454665031704e-01
-2.733898373007079274e-01
3.788669225454284195e-01
8.721266789944062126e-01
-6.752574961179576007e-01
