-7.501937737707097265e-01
4.193276063169903978e-01
-2.891484783228746025e-01
9.219505677019661505e-01
8.037972669604704912e-01
-8.809555309393655165e-01
8.891652402312844039e-01
-9.257322939579983867e-01
6.217467033654859865e-01
-6.706747221914639567e-01
1.783620320515720836e-01
2.976455922553379319e-01
-8.959741553700955041e-01
-1.442500101412352298e-01
-7.957646291273630101e-01
-3.516779375328098478e-01
9.856750648444168039e-02
9.398235162970467460e-01
-8.344960512541412800e-01
-8.480185551311120173e-01
-8.454829280379726475e-01
-6.344414738788739516e-01
-2.184746256338734871e-02
-9.826789195945300204e-01
9.821691473459646105e-01
-3.630955540849134522e-03
1.105146879991895092e-01
1.847989735309720216e-01
7.134709862463383123e-01
-8.676081597758733555e-01
-4.254678342441686745e-02
8.808551270292090951e-01
-6.114483523496582196e-01
-6.967623257634500966e-01
-3.535551173209670051e-01
1.557028813790085620e-01
-4.522920593630355146e-01
4.618593143080668151e-01
-9.190528484910449603e-01
-1.021953116035569653e-01
3.968540270962409022e-02
1.901182495126652050e-02
7.281277002171619994e-01
-9.073992568369806389e-01
-7.191386759507399917e-01
-8.490583974510115262e-01
-2.607639824850856991e-01
-6.938457194136341544e-01
6.672552079832223537e-01
-1.675969474790376945e-01
-2.049254745604301986e-01
-1.739154465410238659e-01
-3.893319099371398972e-01
1.269475790575594065e-01
4.688449581497152741e-01
1.386267546304345843e-01
4.327891397607929180e-01
1.614423750295430615e-01
8.683899947421332977e-01
7.448145570874828980e-01
-8.240555500088360130e-01
1.768279168105381660e-01
-5.355464748040323908e-01
2.702210855661250077e-01
4.526893155287529114e-01
2.624859498898730048e-01
-9.994947343773605830e-01
-9.369816078265922332e-01
7.352194036001512556e-01
-1.378358882401998775e-01
9.768135642497249860e-02
6.777513297929367297e-01
-7.483003017253216926e-01
6.788622592424407853e-02
-3.462319780963130089e-01
-7.346968826891001614e-01
1.219123580264077633e-01
1.457977710956047390e-01
8.374939456727018561e-01
9.232196071159701756e-01
8.504693957775448787e-01
9.890431706770135278e-01
-8.593501274456556427e-01
-9.999613276324150757e-01
-9.554171722292792435e-01
6.567286484141425795e-01
4.519495483900896060e-01
-6.151680866224633615e-01
-9.840216615740745576e-01
-1.774279018411482056e-01
4.822078628397433175e-01
6.803241726964006642e-01
-4.268033955752156272e-01
3.566035984147195581e-01
-6.008481812823106560e-01
-5.704845646228822176e-01
2.166143365370272189e-01
-5.200621421189285387e-01
-8.332481956217250296e-01
3.058997166028898373e-01
5.891022675211525783e-01
-7.566903989151502197e-01
-1.940282133134548226e-01
4.940620820542059866e-01
7.348612855589700676e-02
6.309059610725402667e-01
1.809875520655510883e-01
-5.162177522635958971e-01
-5.254879410882598023e-01
7.800712136857802514e-01
-1.151528068005732569e-01
-3.303879209259451000e-01
9.399149825692330040e-01
-7.848727209223518297e-01
-1.355994952126901854e-01
-6.098527527869507248e-02
-2.446489591792654350e-01
6.743529451326732982e-01
6.828821788783866475e-01
-5.754582123487829159e-01
-9.630524751943476680e-01
2.643942802114030988e-01
-2.834171259724543868e-01
-4.913713978458702503e-01
-4.497715127957864212e-01
-9.295409988702568738e-02
-2.185871676957620302e-01
-3.680323089611284848e-01
-6.075059555823364432e-01
5.317178030053506532e-01
9.947090406173659805e-01
-1.838441528712337902e-01
3.248093796064362992e-01
9.131451229570972661e-01
1.723922274320754400e-01
3.956345733509597506e-01
-8.082591502114329363e-02
-4.150690116867070678e-01
-5.825245011971623699e-01
6.877741804219633659e-01
5.950606420920375728e-01
-3.703770868476718992e-01
9.330384004740254200e-01
-4.231957805364304770e-01
-3.535147067701532309e-01
-6.807219072147048244e-01
-1.976986628786470135e-01
-3.250981788432096842e-01
-6.040766884737172049e-01
7.283117691993619136e-01
1.934383650973390822e-01
7.337037175827438862e-01
-9.406008704589132741e-01
-4.437386473806954612e-01
-2.863453732423171250e-01
-3.766773074329590743e-01
-1.388432849643641831e-01
-6.033427065003310608e-02
3.114540056691693648e-01
1.353394551305029392e-01
-1.185680277901740021e-01
8.828516408152973227e-01
-8.715940849105301425e-01
6.487776667091036398e-01
-4.172136160131582061e-01
-9.095867909015465935e-01
1.242578232497068835e-01
3.957613306295740263e-01
8.336606083121711475e-01
-7.881421435125817165e-01
3.109883272217334182e-02
-4.159178166216120909e-02
7.413654375924481066e-01
-7.511499167410513600e-01
9.607937300237647804e-01
-1.738445679512683473e-01
9.329772443636623613e-01
-7.729161185446539184e-01
-5.122403710083827111e-01
-8.617648220609863685e-01
-2.061704323978060249e-01
-6.559938177386687164e-01
-7.112031645672264313e-01
5.174159682106741487e-01
-7.742229682021741777e-01
-5.813856012487664815e-01
5.204101794085475019e-02
-8.029587595836965574e-01
7.000040153810513921e-01
1.608662092723667225e-01
6.875687172866831176e-01
7.089421873665420204e-01
-9.554767585688528353e-02
4.298291945575859474e-01
-7.639360444425535857e-01
-9.189792351290111405e-01
6.217341184188490688e-02
-1.987837716024238310e-01
-9.127436607413117464e-01
5.877150915916651286e-02
1.489803103075028612e-01
-3.257584121901844210e-01
-8.870045304478091364e-01
-7.164226366330030960e-01
-8.002062158420366611e-01
-4.788004587815097302e-01
-9.228939483226151763e-01
3.842762807227750876e-02
9.903611912041341281e-01
-6.460762258740455621e-01
-7.946322011524841189e-01
3.084380045503250511e-01
-8.365637636942258037e-02
3.841891685090530473e-01
-3.474623672893934478e-01
-7.197837888469382772e-01
-2.784643344932721809e-02
-3.269948349807928478e-01
2.539977760963357811e-02
-3.990532442314522754e-01
-6.397439234882036363e-01
-9.829633772805781433e-01
7.224393333469605327e-01
9.304261487539442488e-01
-1.213163053894100729e-02
6.094920310354531301e-01
-9.564424185576977377e-01
-6.876936169460328152e-01
-4.703033832766230216e-01
-5.102364855512395714e-01
-4.943590558904719101e-01
-7.152085210882455080e-01
6.791222801759350114e-01
-6.104659547989588209e-02
-8.258154792233420860e-01
-9.245809293299790399e-01
1.966651800228343128e-01
4.913616718823071161e-01
8.690818590202314953e-01
5.146375885406380135e-01
3.987464994713150745e-01
8.451831605594540830e-01
-8.332801665924373102e-01
-1.630179644136013906e-01
7.427692040399019868e-02
-8.880061286194571579e-01
-8.533489990876508280e-01
-2.125294312411600828e-01
3.312071940070728804e-01
6.007297733304366449e-01
-9.814666888661501831e-01
-7.588267221947041508e-01
-9.083802248686081438e-01
7.400550034509238984e-01
3.774436925346561500e-01
8.000013367960820410e-02
8.205638974490221393e-01
-6.682908020673679061e-01
6.886727582383551649e-01
-9.131792530496150029e-01
-6.646699873681614079e-01
9.299493431151812928e-01
-5.327280898086006466e-02
-5.655693474296887846e-01
8.390632615575268627e-01
