-1.568861733650008805e-01
-3.795871351398245608e-01
-7.568748933308273585e-01
-8.205795724850151185e-01
-4.507472596886477056e-01
4.481236584493647479e-01
4.780479119758763717e-01
-6.124145762778394619e-01
-9.383335558681745736e-01
-5.397184284483385053e-01
1.152609732564873202e-01
6.086582858453418732e-01
-6.395534586777942287e-01
5.058099428495965721e-01
-8.490984741062473917e-01
1.848712130494327976e-01
1.794007125504784028e-01
2.406395024128993310e-02
-5.851477980409669488e-02
-6.732627943099578349e-01
7.427202157905821167e-01
-9.557330722247829868e-01
8.498370654735118435e-03
-6.342637026819133439e-01
8.170976113375634231e-01
-8.170941559924778108e-01
7.913014351535128110e-01
-2.921357691018285907e-01
3.280322185890716113e-01
6.098678328640756430e-01
7.348663111257012215e-01
6.082861161866215394e-01
3.318370839928980742e-01
7.300584933255205300e-01
-8.119421942257306624e-01
-9.846398650700051158e-01
-6.423671945265474470e-01
-2.446196529247202101e-02
7.672493828303746932e-01
-9.166660304493468026e-02
-1.445882873797282031e-01
-5.547965264986403078e-01
-9.980630380629431642e-01
9.403327819999487414e-01
8.549947284687684501e-01
-1.500426626281615716e-01
9.446527830916622293e-01
7.889609725732515955e-01
2.812023619831046095e-01
-9.251800010099486826e-01
9.302689384728378696e-01
3.979886742301605440e-01
1.392455045460749274e-01
6.591618216028655164e-02
2.169227425983235591e-01
-3.874062089780230256e-01
6.951219974076694452e-01
-1.900953720335816222e-01
9.987146090021461475e-01
-8.512026217494268465e-01
2.835950522447545641e-01
-8.243804747857012005e-01
-5.236769420959310750e-01
8.983431093141822643e-01
1.810653810200395508e-01
-2.768568894415113779e-01
-3.640389532430672315e-01
-9.747064621610136426e-01
-9.167412087615988137e-01
8.220879014438740029e-01
5.837736292625818058e-01
4.838772675462151285e-01
-1.738295344457168046e-01
8.806643252049553006e-01
-7.720640942693350883e-01
7.292887032459380858e-01
5.235456582144242255e-01
-1.800094277113519770e-01
-9.486268020270194334e-01
-6.235480411575182735e-01
-9.893247770625598347e-01
3.271070928271324618e-01
-8.486574267747799549e-01
-8.892688584055015166e-01
9.819918400436276062e-01
-3.494037277256962781e-01
9.824084358499840519e-02
-2.607192236387358975e-01
1.370136339878159082e-01
2.763104793201514031e-01
2.964198370142043792e-01
-6.772984809644957416e-01
4.643494703907163901e-01
-1.649026927428742795e-03
9.908778030708267348e-01
1.609939399209781852e-01
-1.372404785546241790e-01
7.550037290017110880e-01
9.573818292635833949e-01
7.541836919104305537e-01
2.989882262794674173e-01
7.950323794396436661e-01
-8.351800686592045775e-01
7.474320483639936008e-02
9.756853366697324503e-01
4.006379649824101108e-01
6.347658758938021784e-01
9.531152448731061710e-02
-1.185930459126269820e-01
5.193527640707846782e-01
-6.413082634829752049e-01
-8.705489120989136076e-01
3.506878930281835949e-01
5.700651408779571216e-01
-7.603292793724152343e-01
8.105031655506029775e-01
8.373599598065046834e-01
-4.493048155212890915e-01
-1.805628181638458396e-01
-1.960704487312312505e-01
-5.788582076468204995e-01
4.443368239418077348e-01
-5.911222112579548327e-01
2.817707519150669526e-03
5.674783622908712299e-01
6.539893963956542322e-01
-5.819619059221547985e-02
7.432309243122651177e-01
1.107604244436321550e-01
-7.393438729539687504e-01
1.631433679952434268e-01
-5.466159305253548428e-01
7.566383879212639219e-01
-9.449912916132174878e-01
6.417656276270442550e-01
1.850711187850588857e-01
3.345034285371292215e-01
-4.468168208966305510e-01
-6.354857888116347553e-01
-4.883310606818913602e-01
-8.050757429543480281e-01
9.417051508419840289e-01
3.896841927231555758e-01
4.511226632102421918e-02
-5.985454652900211725e-01
9.384165597724851704e-01
-4.644187255585929819e-01
6.830592400892565585e-01
4.974453114042444724e-01
-3.364445106584765255e-01
-7.075534187988152812e-01
-5.154240400619471973e-01
-7.084954642877476783e-01
5.434392105975541787e-01
2.925206141217897571e-01
9.541187341564486002e-02
9.568990612862964262e-01
1.103635732096261979e-01
-5.925434405579352859e-01
9.319096903034922441e-01
8.192907167592209383e-01
6.494883571157325508e-02
2.516400449946898377e-01
1.696070251782297866e-01
-3.098778908113064556e-01
9.060853411425870974e-01
1.131814401542909077e-01
8.448289047312449451e-01
6.793466551227500538e-01
5.769217286202945605e-01
-4.193355438125296875e-01
7.315013981625764217e-01
2.182226734058370088e-01
6.406123046737024485e-01
-4.047517255250947521e-01
9.184884882786747973e-02
-8.758263518445530416e-01
4.674874957786270269e-01
-2.820837404188032416e-01
1.265013566279342694e-01
8.839216545290098370e-01
8.511039649143210539e-01
7.253080851482297531e-01
-7.376748270294806176e-01
-6.437248875236956103e-02
4.486250733082233211e-01
4.890010088295646540e-01
6.234546699203487030e-01
6.303029710733198954e-01
-3.759865432876818847e-03
-8.121602941609142867e-01
4.814991449940877466e-01
-8.507410804615598288e-01
-1.288203075047503199e-01
-2.661876297816175851e-01
-7.162806738787862448e-01
-9.267674177613711706e-01
7.705648137581975199e-01
-6.886794779975704550e-01
-2.410540461337835061e-01
-8.504553669079933931e-01
-5.306899189702964925e-01
-8.301893542449392260e-01
-3.424296074698686687e-01
6.741887792273160152e-02
-2.035562535460666567e-02
-1.946433297479543967e-01
-6.952668784319436801e-01
-3.980020536917394658e-02
7.694180914614712208e-01
-9.286362179839557918e-01
-7.540015809023337123e-01
3.468577745321959060e-01
-8.929007916004008116e-01
-9.152740221024102674e-02
-2.522555498855096889e-01
-1.625421492752086028e-01
7.501854165600279067e-01
-6.125712307692101621e-01
-5.063899518778331998e-01
-7.577648237014565913e-01
-2.828484783408222736e-01
-5.702572706994373658e-02
8.773130973909193386e-03
9.722256614384983120e-01
-2.844391406612228335e-01
2.676041230248927261e-01
-3.510338253151821797e-01
6.258859636069884491e-01
8.524795351399426790e-01
8.284415987060009812e-01
2.960283767366087559e-01
-3.565185854405470978e-01
-1.644770456212054643e-01
-7.980913052937603780e-01
-6.898272676945915727e-01
-9.989219324636640085e-01
6.572799044514354705e-02
9.895488574779736091e-01
7.093642310335723788e-01
-6.706171481835734305e-01
5.519434327387847672e-01
-1.186272403886634574e-02
4.854630468934322263e-01
-9.474401254975828301e-02
1.822561054416249604e-01
9.532387965649015138e-01
8.149061059339746116e-01
-1.680474082139955527e-01
-1.637625400187914249e-01
4.550722445667143568e-01
-2.243192811195081626e-01
-1.395354563868095865e-01
3.720108713229938191e-01
3.953709183088937595e-01
6.595447820398619987e-01
-8.175246100571671448e-01
-2.639724943154793113e-01
-2.418003763240241799e-01
-2.922505467090341646e-01
-8.418854740171680673e-01
7.550096950416862462e-01
7.882348253732472942e-01
5.666433622266351389e-01
-4.591258840576922795e-01
