-9.848350558229087559e-01
5.326625550924943830e-01
-8.747728592060287633e-01
3.099396505706251137e-01
-2.572662847189806090e-01
-2.986955646912557438e-01
-7.739242034676047099e-01
-2.548415826463635847e-01
-3.789577799982646322e-01
-9.119358623170723543e-01
6.186199220442453184e-01
3.203841072703590420e-01
-7.177694990340500736e-01
2.298493536156811512e-01
-3.651303231988051734e-01
5.718641991510886591e-01
2.225692965972634885e-01
4.996761137789791363e-01
8.427887465910275377e-01
2.258133369960324544e-02
9.773951971543565209e-01
3.811758277162380359e-02
1.854034178682001377e-01
6.235219329682832878e-01
-4.433595775597337640e-01
-3.232097261467038463e-01
-7.698376239611827154e-01
8.596990428620774338e-01
6.042871259707651710e-01
-4.785299668549327090e-01
5.639256675497464899e-01
-9.823568438811075554e-01
-1.883761454702928273e-01
6.682320284440091962e-01
1.547210045137181189e-01
-1.531275118539749958e-01
3.136088316567122725e-01
-8.606313614308841453e-02
-4.203824939194109045e-01
-1.048940659570196665e-02
4.763492438491667702e-01
3.060840708679937183e-01
-8.769123784431931412e-01
9.389474963563853027e-01
-8.798525334853246616e-02
-4.559439776216901441e-01
-1.181186287500266552e-01
-5.628357783001498582e-01
-3.921822147765319233e-01
-6.849852684614005094e-02
-5.003590624262530540e-01
1.355623412087242352e-02
-7.765957795359188509e-01
1.925863592433456062e-01
-9.623562618256882306e-01
1.765627527323772594e-01
3.494874321086812730e-01
-4.269160723421688286e-01
1.474358755340660632e-01
4.899434422394011723e-01
-2.588228492595365249e-01
6.798004596924127618e-01
-6.698555809867473565e-02
-5.656582543251298389e-03
-3.687384669711143426e-01
7.440119292359212988e-01
-1.645583287953534812e-01
9.054357744297214516e-01
-1.676019486474797926e-01
-9.930627217201051238e-01
-9.238367398776927697e-01
-6.392942329868440687e-01
9.245768540951551095e-01
7.857172622453114652e-01
-7.193501190015227920e-01
-5.933479697694126198e-01
8.919793783295870693e-01
5.232081485252171316e-01
-8.092862028239616867e-01
2.728789470942182271e-01
5.428347661397030510e-01
-1.522403188484086622e-01
9.472567101312536764e-01
7.706990829973077162e-01
3.240303420627442810e-01
4.370551237541978606e-01
-6.878111251631977563e-01
7.833442927715794646e-01
8.519957935836833252e-03
3.796011090498560558e-01
-6.312636205069519502e-01
-2.485055723863124344e-01
7.001933567254974289e-01
-4.623992961917020583e-01
2.915952804318627800e-01
5.794156292483232384e-01
1.206483329333611909e-01
-9.962348057595409312e-01
4.842399209424277928e-01
-1.593632671596754147e-01
-2.303927039974871249e-01
-3.613266251008828700e-01
-8.435947488411731088e-02
8.940358151135702203e-02
9.044842390921555841e-01
-7.634263343961218418e-01
6.231705568559187114e-01
-6.939786602994847398e-01
-2.950594482364185533e-01
-7.537609963889841946e-01
1.645725531762581850e-01
-3.379551308242162433e-02
7.360834996437672917e-01
7.810331752243730996e-01
-4.246996345597530698e-01
-6.185770167236055439e-01
7.973512086980292235e-01
-2.963304852178283433e-01
5.320638881513277685e-01
-1.989698099805922160e-01
7.808228648865169763e-01
-4.915191568385035570e-02
7.834318611765196394e-01
8.232127751135681626e-02
1.010444616871433721e-01
7.930546707597758704e-01
-4.674136682389909425e-01
-3.233326658805927845e-01
5.087814479271868251e-02
-2.589910392995367072e-01
5.245846451349531758e-01
8.961879456423923473e-01
2.203956455394102121e-01
3.522414296147159951e-01
3.537577703750462987e-01
-7.351672083060751817e-01
-9.491847343560662342e-02
-5.816917774508889583e-02
-9.281644545058393980e-01
6.604330739074245615e-01
-4.900174407933358678e-01
-6.409484844408099846e-01
-4.840274702787071281e-01
7.586760518141402176e-01
-4.469862936404392362e-02
1.987445143969591987e-01
9.323477422355064270e-01
4.756630561283527459e-01
-7.619869849671206952e-01
7.713332893064406282e-01
-1.478964432234601833e-01
1.583979231180353830e-01
-5.322884722248498734e-01
7.294478895630194248e-01
-2.951439862743857057e-02
-1.872144031430860167e-01
-3.813719212602671993e-01
-2.929040681425094661e-01
-3.117073752545874710e-01
-8.962810737573494446e-01
-3.526423135105771212e-01
6.062414174287336088e-01
-5.694846162488834684e-01
5.107576693356924435e-02
5.407310209962218339e-01
2.582459392286962085e-02
-9.828727153497951452e-01
-4.698308249660807512e-01
8.521118172698102233e-01
2.611194258757165709e-02
6.028120690891559663e-01
-4.655360890695425802e-01
6.814861200504290784e-02
-8.986140586334613323e-01
8.883395776948421751e-01
-3.518580975708485159e-01
2.236917885751418811e-02
2.525222174159824640e-01
-6.025519263413485760e-01
-8.008819568530252120e-01
-9.802849875519179523e-01
-4.266050526599847736e-01
9.340138784465783495e-01
6.891967276109393081e-01
2.170722303913096285e-01
3.322545336988336762e-01
-4.912244213187512143e-01
6.586066944086607089e-01
-7.461984903370579847e-01
-7.072754554796595317e-01
9.153082786995718756e-01
2.459778623637570438e-01
-8.687717688073357536e-01
-1.922582748673577480e-01
5.113162989176429224e-02
1.818507306735335227e-01
9.344691751722553619e-01
-3.676078220158924270e-01
-8.999908118749876396e-01
-8.695314070488078251e-01
5.746578733554785767e-01
5.162334612329398942e-01
2.329905604753554349e-01
-1.442848932242511706e-01
-9.332411074387411687e-03
-6.945336052627961720e-01
-8.992658087473747175e-01
-8.343055486405592802e-01
-8.679391009529615619e-01
-5.467684606930370284e-02
4.493927040483057800e-01
-8.889180789457922227e-01
2.811860911634062044e-01
-3.314011605890822554e-01
-3.549590517907380560e-01
3.571734382114477580e-02
-3.637674698754737590e-01
7.555970041360386968e-01
6.535650715189259552e-01
-3.692349141305513727e-01
-4.848050976966974401e-01
-9.717091690889059219e-01
9.416127562448517452e-01
-5.103708372707718155e-01
1.821800212383008488e-01
-4.324775514591711056e-01
-5.471786071101306659e-01
1.661089631766629882e-01
-1.405804482165359526e-01
9.960522827454273975e-02
-8.556138471776753018e-01
-3.254297841722720852e-01
1.844871055713157015e-02
6.533139434913479704e-01
-2.323689112071669616e-01
-8.469194900149681349e-01
9.937563182731967704e-01
2.464202458522585515e-01
5.281599555426996773e-01
7.419604352175874773e-01
5.488867383008114720e-01
-6.415815995640117286e-01
5.731181400888667454e-01
2.969780579562160683e-01
4.218339267636167511e-02
2.946793329326820032e-01
-2.271811597267395788e-01
-2.887755147111802922e-01
4.739803978768996062e-01
4.112192143057246119e-01
-2.025827610710615456e-01
9.401404761045772940e-01
2.523960312312872878e-01
-3.156058921564748321e-01
3.652266354509029478e-01
-4.177181424681373212e-01
3.508541021642608282e-02
6.288090775734149762e-01
1.609946716100689734e-01
8.103112758560330198e-01
-8.380374323577139961e-01
8.287409971494601457e-01
-6.951908591352531364e-01
8.174338104313854103e-01
-8.326753815083056676e-01
