-8.385665957274877069e-01
-2.327201432811652204e-01
8.167097550481789980e-01
8.962280061066876247e-01
-7.118360977791218236e-01
-6.460143424865514294e-01
5.804704169491059496e-02
5.691588636665361189e-01
-8.958072260282972099e-01
-1.451867208633109696e-01
-5.012773701767647694e-01
6.440083971969041698e-01
5.551163777832744950e-01
-6.123035783201722371e-01
4.880863970503557248e-01
9.160613693442600791e-01
-6.484123018184275722e-01
5.906980346009158556e-01
9.530371243784221402e-01
-9.815649956302663348e-02
1.746558205332415792e-01
8.139884543513751236e-01
1.344973016765335372e-01
7.721654661648342799e-01
-2.773936590924142020e-01
-1.240366395153616741e-01
-4.433892821607363088e-01
3.447338997147215700e-01
-8.151513159454368829e-01
-7.560773525379980153e-01
-7.304971371922550638e-01
-3.903651593640096173e-01
5.677792967694552662e-01
4.188948811487329671e-01
-7.187742493516704467e-01
-3.656841026260160277e-01
4.209901487498153849e-01
-5.073694639621204594e-01
-2.083479562577250643e-01
-3.012854728818796790e-01
-4.601519610322490350e-01
-2.069132438112035732e-01
-6.277164396788008638e-01
-2.748771581281539422e-01
-3.851342476817363747e-01
-3.123660658511813182e-01
-9.235809968987997998e-01
8.599612137445491467e-01
3.120783219716325441e-01
3.021408485588542581e-01
-6.945939982871701668e-01
1.752500654302907857e-01
5.365427430057971847e-01
-5.314578538852449130e-02
5.550386262670614634e-02
8.309953742237765617e-01
9.716259921401331212e-01
9.105434845172215574e-01
-1.520708459408675051e-01
-1.072818905179835358e-01
2.701552580794469582e-02
-1.328130234807125554e-01
9.129839501016631109e-01
-2.816538178026569694e-01
-2.451363253865568304e-01
3.122501102433656861e-01
1.224138876502796625e-01
7.785828507831983325e-01
6.214085717394195463e-01
-1.842415319513188710e-01
5.820527819371750233e-01
9.968363994621076696e-01
6.994807318681233177e-01
-7.433150568012310000e-01
5.581035528734783480e-01
-1.417793794276254182e-01
-8.450110086582443003e-01
6.123773087582728980e-01
5.920077421406211293e-02
-9.944394553743610699e-01
3.543558351756188607e-01
-7.228880036253415575e-01
-2.214911415495157687e-01
8.687251008933525309e-01
4.285114843133075446e-02
1.175567799899857047e-03
7.001208946278398848e-01
-7.015320263273594481e-01
-5.004346768405636414e-01
1.492778755035129024e-01
1.751640098893521014e-01
-3.308379681908608649e-01
9.992541582147462798e-03
6.998636797794034470e-01
-1.062494964155148713e-01
-9.954588835627733445e-01
-1.230093882334185457e-01
3.944644194010218374e-01
-9.762056405870958020e-01
-1.566560810042262886e-01
-8.615201243432465406e-01
7.716531328790967592e-01
6.725126261755518531e-01
-6.874460895355081202e-01
-6.046724819655351357e-01
-2.829397351185241050e-01
-8.678837736112986478e-01
1.954273664681207556e-01
-2.134774554498355403e-01
-9.370912007147065570e-02
-9.369413763624454550e-01
6.536922532953401976e-01
-2.587345160651790543e-01
3.407781429956059926e-01
9.366579589548033047e-01
-1.976760237151693467e-01
-7.427218893259841526e-01
-4.243377912802155372e-01
6.797706129640890271e-01
-1.947437571723605598e-01
3.791483527542222065e-02
-6.392142623990244577e-01
9.544562731472407968e-01
7.285604678570228865e-01
-3.149775879525942290e-01
3.262348384674551571e-01
2.864999940735286632e-01
1.174335132233217394e-01
9.398676440100762752e-01
-4.639900457914926113e-01
-7.689847930403163057e-01
1.351836641188869093e-01
1.371251155346016604e-01
-3.563606382109608672e-01
2.935617365940612622e-03
-5.308528267658929600e-01
8.304333989037486763e-01
-3.171271269021329609e-01
-2.286458798160265760e-01
5.404400926299013364e-01
3.220065074928907256e-01
-2.851290531847083809e-01
5.262053491161950980e-01
2.283183897455520750e-01
-5.038040198332376374e-01
8.679271210886603249e-01
2.321792844031944358e-01
-1.782344988607270087e-01
-3.549037374987109583e-01
1.810131152934634502e-01
9.576789855033351895e-01
3.195975316645289777e-01
1.645637865681969236e-01
7.607125331465427465e-01
2.895844596441454755e-01
3.465426592961471375e-01
-5.779218675055750598e-01
1.429715717201373304e-01
-8.650413824876774793e-01
-4.362129461240099593e-02
-7.432533143338226900e-01
1.470520656537741000e-01
4.740476528879236651e-01
-4.335795444047327862e-01
-2.201652109768013066e-01
6.870687825049186515e-01
9.145757254181827722e-01
1.218447789260534431e-01
8.901660785359193362e-01
9.792682388500244528e-01
9.996325857856924735e-03
-8.836921594069067076e-01
2.841360927854243990e-01
-8.393304433411398202e-01
5.713702750767524208e-01
-6.365050906997682389e-02
8.433847739423475653e-01
6.321337001576858849e-01
9.718356903022471460e-01
9.267830536316330470e-01
5.261538496148993049e-01
7.059815195645002817e-02
-3.704164441343735792e-01
-3.946214779225984959e-01
3.287788186958604530e-01
-7.659109112841131495e-01
-1.301964229606795698e-01
-2.316687292641912421e-01
-9.348590839294165233e-01
-5.158481105942112066e-01
-6.604347850259251196e-01
1.151065843942709888e-01
6.151409131326637247e-01
3.527848126728634348e-01
-6.030647223056460060e-01
-5.635322341791775269e-01
2.450695635522128213e-01
-6.623892240957345301e-01
8.506300154845234385e-01
-7.900413801741010822e-01
4.659130359654464204e-01
-8.088802884818142580e-01
5.555262431761707198e-01
-7.337010228333544770e-01
-8.762115454511629764e-01
-8.963907338344105913e-01
-9.541507100200703473e-01
-8.808243316578053816e-01
-9.965807058279334552e-01
-2.883490599669646937e-01
-3.406425250917134440e-01
-9.826746105778434437e-01
5.260857622299175418e-02
-7.034110648511693320e-02
8.824525028964405049e-01
-3.376896804844382594e-01
-9.577048064726547683e-01
-7.711252173696492296e-01
6.665009639974057709e-01
-3.978078922489454161e-01
-3.266215110511691000e-01
-7.305172622952649242e-01
9.287494518716521430e-01
-2.926912282413128841e-01
-4.456563133338087290e-02
-2.440398211537985196e-01
7.001592154401952151e-01
7.423418176622980091e-01
8.328390925577884296e-01
1.954832824076595532e-01
8.827062872950450778e-01
9.139901173334297191e-02
3.733411199669415259e-01
3.714160818403167141e-02
-4.563098959572633451e-01
7.916878343130208107e-01
-5.019096261632403078e-01
-3.820304206490625631e-01
9.462507578051457813e-01
1.980651838218061567e-01
-9.398064591521237965e-01
-3.723811674759542334e-01
7.158829744561738817e-01
3.853810021990500267e-02
8.207384276117328792e-01
-8.679576755122976328e-01
-2.086249097545983533e-01
-1.672059796623717731e-02
7.043212804941267891e-02
6.632340013562032510e-01
-9.307284454577953170e-01
7.653820068350798422e-01
-3.784780140621707978e-01
-6.873623669298317695e-02
5.644174996321726923e-02
4.474981003586948614e-01
4.228761828144181334e-01
9.760699743739329470e-01
8.685676867058114148e-01
7.445336012114101010e-02
1.581131387276806244e-01
-4.632111977830907779e-02
-3.081676595837750110e-01
3.883418144010943873e-01
9.114845474967407934e-01
