-4.701759882879601449e-01
-1.219178531843454483e-01
-9.451939019501236494e-01
-3.586157638687599292e-01
-5.301357175014542733e-02
5.401761281314694241e-01
4.547078489946585478e-01
-2.676440156956714223e-01
-6.869280554321259835e-01
-5.048208538431873116e-01
-4.741433919282525000e-01
5.238382162190688973e-01
-3.850250608644645300e-01
2.572936401597663014e-01
3.819994914866811087e-01
7.300793421789844029e-01
-4.158849587930701919e-01
4.481677194248776530e-01
7.671591170358751377e-01
3.803658297231045093e-01
2.898074561797951976e-01
-2.392373571408394906e-01
-9.021540609908849095e-01
8.623202635804777527e-01
9.462328965409105841e-02
6.638464073036285384e-01
-3.014463882914431014e-01
1.981905939911219328e-01
-8.867304317711435235e-01
3.196772586053560072e-01
-6.113133125112957256e-01
-6.949752022136745921e-01
9.732417703215892058e-01
5.746485576636928272e-03
-1.674539039971834065e-02
3.078441826713171903e-01
-6.738203448617454683e-01
-6.621548212992935944e-01
9.628167494979913421e-01
9.871410834725757866e-01
9.333424821015929851e-01
9.371963456779863755e-01
-3.429640150746040561e-01
-6.365181952957030820e-01
-9.217177938419185423e-02
-7.924076834465390018e-01
-5.220060250920812717e-01
-8.360688721246092303e-01
2.053259364514672392e-01
-5.465587780471303780e-01
-7.653529303257753380e-01
-6.385554415252139293e-01
-6.095720828630408761e-01
-7.034076901427306350e-01
-3.246385874549553296e-01
-2.251982630403492891e-02
3.252742466419635825e-01
-8.811126368576296386e-01
-3.278667127463341657e-01
2.777099765835691070e-01
-6.280415419936449251e-01
-1.212952092337393761e-01
-2.992955867992415087e-01
-9.077806610171279544e-02
5.194540845805869500e-01
1.690135696935957110e-01
-1.156163184945333544e-01
6.393136393044303034e-01
6.852359612494016705e-01
5.738595236175325631e-02
-4.189718744206425427e-01
-7.155265497483527248e-01
-7.268496179773711319e-01
-4.954799679519719113e-01
-4.444025097877430941e-01
-9.727517284941062936e-01
2.605950459407180286e-01
3.125646159602908369e-01
-4.448201659400805585e-01
5.421760611956285558e-01
-6.787022862515972310e-01
-8.914114466394142955e-01
4.488932738788431465e-02
-6.131675411907135942e-01
-1.685621903365321916e-01
5.440754480397727022e-01
-5.873505184769749476e-01
4.228015839495140593e-01
-9.679901697429600382e-01
7.477891985465840996e-01
2.205169796928618808e-02
2.543684215818142746e-01
-1.929822821540905231e-01
-7.879968150163052520e-02
-6.479166278419035141e-01
1.079360289862862921e-01
7.498140773144168492e-01
-9.063982239643870731e-01
-1.396201615745522595e-01
2.682918708807056074e-01
-6.214380478673491304e-01
1.750263905516666885e-01
6.006117159137989159e-01
5.121842945934442781e-01
2.060903035379129111e-01
2.758961324737416732e-01
-5.716059996780025187e-01
-9.784992611123677353e-01
8.290396009857141646e-01
1.281981926762196800e-01
1.538340177066446213e-01
-8.918690155474819914e-01
2.647293320607013722e-01
9.934923739501932971e-01
-4.684970715231411287e-01
-5.628236673126862932e-01
4.160636665181789429e-01
4.230737833500228806e-01
-9.453251835875420284e-03
8.874851722425269873e-01
5.472214359517857396e-02
2.750703272746690686e-02
5.020946456596029339e-01
-5.811363262399238394e-02
-9.089057106248565887e-01
3.533762504480726374e-01
-5.278288226165572805e-01
-8.382435230999387699e-01
2.459582469745218436e-01
-3.313344124404977720e-01
-1.894075296434762912e-01
-3.639455255225090280e-01
1.884930807736380221e-01
-9.284902985933769504e-01
-1.809008514333787510e-01
7.169660438897238475e-01
8.592322756704633413e-01
-9.529114412978623161e-01
-6.989310054019644003e-01
-7.527970530902479140e-01
4.352161424832128311e-01
9.006085006824398054e-01
-4.135242364516324987e-01
-4.169494541545522015e-01
-3.297468206745168828e-01
7.084527063310581685e-01
5.809277233382093009e-01
9.892991475347887587e-01
-5.129667735669720674e-01
2.192586150199162809e-01
9.864974894744507061e-01
-4.193106427701338568e-01
5.470560369222612351e-01
3.476829624882074032e-01
-4.507505859779488144e-01
-6.685146051192205618e-01
1.294971515156189135e-01
-9.253132302914137686e-01
-5.648857397179172235e-01
-9.473358584395963344e-01
3.692903937119167423e-01
6.586571827086078468e-01
-1.009380169785702996e-01
-7.577545229068418653e-01
8.516323823417271122e-01
-6.952630559866697091e-01
3.366647302927023855e-01
8.360693942819008573e-01
8.745213930875850306e-01
3.052536790899929020e-01
-3.659830300038002804e-02
-4.212337476277816517e-01
-2.639239398081723031e-01
9.992840255132948712e-01
-8.795190861133139748e-01
-8.233585622875279064e-01
6.307542237166503529e-01
7.528264261768604637e-01
-7.592766154825447700e-02
-4.721498474881125063e-03
6.410787999612359567e-01
-3.166602919952656858e-01
4.969564121047209682e-03
-1.033041989881848810e-01
6.437076871941367351e-01
-9.963122227832867939e-01
-1.820251440058773262e-02
6.996896269204007091e-01
-7.561755208059754985e-01
9.807760062127901524e-01
-7.145724189170774565e-01
6.075705715669579288e-01
-8.821241574466534008e-01
6.105440053547528390e-01
9.316040088663827268e-01
1.078037184047875296e-01
-9.388808821302914165e-01
-3.282483019016790848e-03
-2.080383913782690719e-01
-9.314139277293542740e-01
-2.342513717886560709e-01
-6.359131247064566672e-01
6.878099216500974666e-01
1.611610215462302431e-01
-5.134974403509533492e-01
6.233975424567470558e-01
3.970131482583951765e-01
8.799432875858941294e-01
-3.287611887031278712e-01
2.459719845634835145e-01
-8.881593448940294788e-01
-2.514017407378221769e-02
-3.217408425023879914e-01
9.395795582874646446e-01
2.071625384365451961e-01
-8.859820689172868136e-01
-9.809493703460310243e-01
7.700429477777923637e-01
8.372141495982219350e-01
-9.267220068808565969e-01
-8.686277498335988057e-01
-9.691391827168667206e-01
8.442395774749984483e-01
9.768064094786403917e-01
8.483897702033835753e-01
-7.285564449948827015e-01
5.900677721392484365e-01
-4.060783778229268837e-01
-4.154851040567257847e-01
9.264294740689746899e-01
-6.195462714660282533e-01
-3.381051577222238258e-01
6.548539902967420723e-02
-1.095513940945749276e-01
-2.004900808698197867e-01
-4.931026686190365105e-02
2.969660222200987132e-01
7.815574805408975756e-01
3.384685384651344719e-01
-6.492227014050233613e-02
7.791422688752802639e-01
-8.619935738706794304e-01
5.941056524825263363e-01
6.473474819664688518e-01
-5.537323552104524982e-01
-5.957953076867550379e-02
1.756341262641525347e-01
7.167691761907817316e-01
6.034890601827833656e-01
5.518807027727279380e-01
6.768552995645054082e-01
2.619476804560989525e-01
9.270894135666074565e-01
-6.603145033082811199e-01
4.608970649808985520e-01
8.937365872670450795e-01
-6.136829429272068204e-01
5.111204444558699045e-01
2.168178850309361305e-01
-4.450346741889812385e-01
-7.727287301252583340e-02
-1.679439019678898859e-01
4.263200267005697874e-01
4.033145503679391730e-01
-4.532266805630249529e-01
