8.900880862593675280e-01
-1.524573741890499212e-01
-8.416629524344220181e-01
2.768331779890602640e-01
8.618423032719370047e-01
-5.994783219287791454e-02
-3.953940036415092840e-01
-3.984173224015351567e-01
-6.560085389307084291e-01
-5.332275035671211194e-01
2.948823214988550712e-01
-6.944561101580025708e-01
5.209463935862972406e-01
8.590114481789444811e-01
4.347317626702618121e-01
-2.272799258356788532e-01
6.616724653568364367e-01
-4.044973128424628750e-01
2.261196801430754855e-01
-5.550755060768655103e-01
-6.810337505833823357e-01
-9.282664078382611983e-01
-2.971474271675874079e-01
-7.211888141785630646e-01
6.630876586804679285e-01
-3.190343784356947099e-01
7.712070437882153628e-01
-4.804607090345175413e-01
9.529397337439646787e-01
4.038086679618827501e-01
-1.904065911763995755e-01
-1.799633167829978453e-01
9.144289500822585515e-01
1.447134765964656206e-02
-6.740449515091710975e-01
-6.928166195141460815e-01
-1.601071809284821124e-01
3.156460337112680370e-01
-8.590736996618718591e-01
-9.105379432188562827e-01
3.002467483002173587e-01
4.780074308114828918e-01
-7.000663592636742205e-01
-2.149924317312713884e-01
-2.658471659015443356e-02
-5.983889459007809553e-01
-9.113393451068730888e-01
-1.629448775814887895e-01
4.855842181346781139e-01
-4.447787264158642451e-01
5.216869654749616281e-01
1.517041413765835844e-01
8.600391620301562901e-01
-5.823870679959224361e-01
7.921533190638276878e-01
6.978976183811226308e-01
8.504945097749239125e-01
-7.412197373033842240e-02
-3.385456315732650046e-01
-5.465619903243355004e-01
-9.474397079402608890e-01
-2.601993563481432847e-01
-3.193398389720117914e-01
-5.465372483792278052e-02
7.615353798036204047e-01
4.911336235316712817e-01
-2.956150937019907388e-01
-3.742335331827221223e-01
-8.185834241140910184e-01
5.522493117684124098e-01
3.385114044735459959e-01
8.906906721113697634e-01
-2.094722680414156657e-01
-3.876398673910806392e-01
-4.208281200842152181e-01
-3.636769326557937054e-01
-1.021016540832586361e-01
2.526470085732717696e-01
-1.812118732662797715e-01
2.196111996775177988e-01
-9.526815491195252950e-01
9.727986922566616013e-01
5.941758174562581374e-01
-4.258883947991846108e-01
9.323230441255486722e-01
-4.964907885207353599e-01
-6.602136674492392610e-01
-3.787710609451459542e-01
9.147819057394167563e-01
-1.364528191988731431e-01
2.887497369648703294e-01
-2.211480121562894308e-01
-8.069651282504369805e-01
6.122484496805506993e-01
5.268066143151083347e-01
6.826610737205227597e-01
-1.794339409209158298e-01
4.335078936760569102e-01
4.478780151311705926e-01
-2.439897547496918395e-01
9.503677509791019773e-01
-2.919159736905146407e-01
-6.242872069334785001e-01
1.990026659758804828e-01
-2.729579355238364036e-01
-5.937745201393826999e-01
8.846908366836776505e-01
2.211334106994030102e-01
-4.797973856770197942e-01
6.362610133311291660e-01
3.396147922982856726e-01
1.347873016964156734e-01
-2.158126840679299718e-01
-3.635419584557381123e-01
1.542251069797464236e-01
-7.925952602934872582e-01
-6.050896998576363872e-01
6.741820305674532943e-01
8.830962986552158833e-01
-6.068589658630834105e-01
-3.154639458420530618e-01
-4.803455679529665678e-01
1.362034916801857509e-01
-2.749150810563022462e-01
2.039585741219205883e-01
3.122564045349464079e-01
-1.053586098547336508e-01
4.310173564798603918e-01
3.299601319510132580e-01
-6.141058754679028509e-01
-6.431357829216637345e-01
-2.503830839978214984e-01
-3.982361396466922443e-01
-2.047765721699336683e-01
-6.704553692099259887e-01
1.793570024069120472e-01
-2.086504125909739438e-01
3.461924743882052735e-01
-6.780545581752605022e-01
9.100104650217556435e-01
-7.931290172393620219e-01
-2.388962310517893095e-01
8.956572406182350399e-01
-9.606366879931889091e-01
-3.672417189617853683e-01
-8.693214431653745189e-01
4.366778086693666738e-01
5.234451744130751427e-01
7.288466021517013838e-01
7.979692974583770804e-01
5.571122330429297831e-01
2.156510791336027355e-01
6.666670700281155382e-01
5.788173553477524713e-01
-8.654956398975686138e-01
-7.290032267160928559e-01
-8.610413202115188569e-02
6.114684334557143330e-01
-9.446893540583001236e-01
6.727845785214608965e-01
3.179026124378275808e-02
2.029092504401143193e-01
2.852253246220716743e-01
-5.458848780822380675e-01
-5.022044309197650769e-01
1.382371366383585154e-01
-8.014040907370779260e-03
-3.971248463841071663e-01
2.343310810041543402e-02
-2.336820870159577179e-01
-1.501783299314811693e-01
-4.190917356770607061e-01
6.788719824200185604e-01
9.772586444126988292e-01
-8.616154319537011608e-01
7.680242827639214287e-01
7.752935145381831816e-01
-6.146388980429779991e-01
9.141462762589540603e-01
8.827362673325119813e-01
-3.152516998045346019e-01
9.269401793351985663e-01
-3.607754332774935069e-01
-3.013858627284705105e-01
-4.558830296083742906e-01
-7.133223770998469160e-01
-1.686932645242291140e-01
3.238095702087461780e-01
8.373590369314557469e-01
-7.257473637413436318e-02
-5.692394576893864411e-01
-7.517318523764581206e-01
-2.160833513301423092e-01
-5.221877861206261073e-01
8.576966025217878098e-01
6.770517464489673731e-01
2.275966739581366527e-01
4.267346168516218397e-01
2.796079254443639694e-01
-3.512901841408714865e-01
-1.593383451245639071e-02
8.896342748091754515e-01
1.939974194125451690e-02
-3.813598454307002839e-01
7.259901812493412265e-01
-7.287481116441803242e-02
-5.131964750590801705e-01
1.880638908074402094e-01
-8.411315650009788536e-01
-9.443750736725784467e-01
-8.577337791707212444e-01
3.687423375886538235e-01
-1.233355482165446881e-01
6.012152694555027432e-01
4.825665478298136191e-01
7.675455356398436235e-01
-4.829585680696540928e-01
-1.816120446381651599e-01
7.623305050799221716e-01
-3.485565189893637950e-01
-1.477369427504821309e-01
-9.825575167307727398e-01
-9.094123703941153769e-01
7.211186656545139906e-01
1.070858914418237884e-02
8.242830024043343862e-01
5.430688417397484535e-01
7.866836310811389232e-01
6.783772759612312075e-01
-1.773909002231408849e-01
5.880274288754039347e-01
-8.347811105667297671e-01
4.080112743674892961e-01
1.368193839677383505e-01
5.081808525009586797e-01
-9.699931491095650227e-01
-8.128610622463543489e-01
5.310805560513399692e-01
-3.460841720579055925e-01
-2.455102661567382938e-01
7.945027334725925927e-01
2.411797621551322879e-01
5.011084908650766945e-01
-1.041504973442114457e-01
-5.375776786937738194e-01
9.892009553011983369e-01
-6.126833525005686010e-01
-8.486472107038163237e-01
6.198812684230278203e-01
-3.601863810260365062e-01
-8.517556823608988248e-01
7.879522164197447776e-01
7.018632727123526038e-01
4.606081729373149858e-01
5.802048567584753291e-01
7.731235253597669443e-02
4.210158274528467137e-01
5.333293772094660490e-01
2.737142042496588656e-01
6.037681348233430167e-01
-5.522632490660976945e-01
4.295442252140856121e-02
-1.083810194718168862e-01
2.926922555594247410e-01
6.532548011859810044e-01
