9.528348074958229441e-01
-1.673968360008037393e-01
-6.144729101880004318e-01
1.128578064857650998e-01
-3.011821763725583967e-01
3.182204346324286059e-01
-1.534427488257994465e-03
1.459892091314591855e-01
2.091348610087093718e-01
1.259346994525025742e-01
-2.316444911986469124e-01
8.892471259702368069e-01
-5.729071389053077556e-01
6.719421660439728328e-02
3.124973716927263445e-01
3.487302233850210764e-01
1.052282296129838368e-01
1.887345492572886085e-01
2.980828070971404120e-01
-6.691939784308176264e-01
9.851815204033270712e-02
5.522312129453482710e-01
2.343244787615894609e-01
4.216770764351712164e-01
7.855939925001245161e-01
2.268200712491476034e-01
8.534509618331609371e-01
-5.885599864760753253e-01
3.383894045914499493e-01
2.542957780421797320e-01
-2.850231332223155944e-01
6.486367161858539454e-01
8.030615447525588646e-01
-9.073639320681117226e-01
-7.019052899214734964e-01
9.783550407598791132e-01
5.154123480430994331e-01
-4.554986116785092465e-02
-7.547476121417188155e-01
-3.331723085922654315e-01
3.117679681257786717e-01
9.168364537663016289e-01
-1.167091589839739096e-01
1.166141610001849849e-01
2.244642778271319639e-01
-6.477448641836874854e-01
5.053031051836294196e-01
2.496299403498487557e-01
5.234071185143311933e-01
7.704865976547974338e-01
7.159820761992541360e-01
-6.158853488565334544e-01
-1.973252850415909698e-01
6.811927442773549890e-01
9.408777141625213059e-01
-6.467574385032995865e-01
6.364566910034605840e-01
-2.880696221312042393e-01
-2.227786940585462228e-01
8.409879207639734400e-01
-7.507444530466195198e-01
-2.696367494129021103e-01
-8.951546938402106246e-01
-9.246474806554283443e-01
4.053372870198837519e-01
6.215871460376558577e-01
-9.685105497670770669e-01
-2.933095751860186340e-01
5.798598882208061411e-01
-8.855332783806213470e-01
-4.683187158867360145e-01
-2.461778979432140968e-01
-1.389719040612935608e-01
4.375281088618958591e-01
-9.618834311588431163e-02
5.487239900552765004e-01
1.159631395646041757e-01
7.208495784969495279e-01
5.631844179634287739e-02
-4.563471429547526492e-01
2.975144108446836078e-01
-8.889423850591896548e-01
6.204152421821902408e-01
-4.125667075616745172e-01
7.764085170768209032e-02
8.778397944163793820e-01
2.066066656150782332e-01
-1.216112594361186128e-01
2.582122179192958278e-03
-5.945470463059157051e-01
2.828022928427245120e-01
-2.581733161087284012e-01
2.314342447437584827e-01
6.129556603975635509e-01
4.786442273756206234e-01
-7.991106971774843970e-01
-6.732888912917142088e-01
-9.098127240732392096e-01
2.639972325856979607e-01
-6.116454789258702895e-01
-3.801930449936476442e-01
-8.636527103479929579e-01
-8.903020336351259445e-01
-5.515656083082967065e-01
-5.174107757116177542e-01
-7.801815111758689802e-01
-1.971926037208582838e-01
4.655397587296621342e-01
3.425773900616299605e-01
-4.821540112206900153e-01
-7.644404005963257864e-01
-3.055567977683586456e-01
-7.709565300926662923e-02
-2.460456568746847150e-01
-3.464717044988754324e-01
-5.802643857433402719e-01
-2.162472443476134432e-01
-2.701799395543345028e-01
-9.185656669450161793e-01
5.326542050758746871e-01
-8.127892932974241091e-01
4.752052655519992674e-01
6.559767064085925137e-01
2.221067179467563490e-01
3.823845930622939426e-01
-8.419331300397464579e-01
7.242393079836610958e-01
-9.172503907576604609e-01
9.974675937953924043e-01
3.850033146984794263e-01
9.480645313213187375e-01
-7.679648048897765866e-01
4.332559607450330308e-01
-8.361989698684391126e-01
3.603596756391991285e-03
1.289545080999210391e-02
4.787261944540313063e-01
3.423783409543018630e-01
-4.599138909834926126e-01
4.932559007138686002e-01
-6.825597321678249507e-01
4.964259748464765476e-01
-9.750071838624467524e-02
7.287708334624961592e-01
-3.164534543455098659e-01
-9.837271871667043754e-01
-4.105014219432740474e-01
-1.263105426252678354e-01
5.277897308870179716e-01
4.694148771196925418e-01
-1.542755059732242862e-01
3.759600194061606393e-01
1.266382496220397336e-02
-2.377901654920790975e-01
4.351348216854026840e-01
8.920910510939010774e-01
4.986484207486664433e-01
-8.044395593135625910e-01
-8.617255184046381800e-01
3.130057748454231348e-01
3.007325113037278008e-01
-2.359862908601734199e-02
-8.674519034723032762e-02
-1.084213850349280417e-02
3.568857216041523284e-01
6.501107173974520759e-01
-1.690426654800047945e-02
-3.146795901037560128e-01
-3.542673236748404286e-01
-4.532078153325529435e-01
-5.794159813647455914e-01
-3.076236226664964546e-01
-5.077274462049484738e-01
5.437074556503622702e-01
8.952696672233222408e-01
-4.924106410046030780e-02
7.617449963775070332e-01
-7.524903510727298794e-01
5.336363406288641142e-01
-1.075717675874958701e-01
8.977609196492365440e-01
-7.504477504303357360e-01
2.810397256373008412e-01
2.514666382146781287e-01
-8.717717895740106915e-03
9.713478287364841757e-01
-8.376474318299215183e-02
-5.316559496922909078e-01
9.207690488224167247e-01
-7.873979065505315456e-01
-6.738789196366987699e-01
-6.482337670359383797e-01
1.614785568347976152e-02
-7.791020569566675658e-01
-7.566183335578798852e-01
-3.673774701954952704e-01
-7.826368856664875917e-01
-4.671640757060958604e-01
-3.415416101584103359e-01
6.183246451845574310e-01
1.808790718104656969e-01
-8.401872527397180601e-02
4.324857406948845462e-01
-9.192277180352732557e-01
2.694026640013816865e-01
6.398850366704997850e-01
-6.218135099122489295e-01
1.017938568619344286e-01
-8.344212695162094295e-01
-2.582389670976241725e-01
-8.201126279969070954e-01
4.412361199360136377e-01
-2.040180425790080743e-01
6.730299091527726096e-01
8.128420313923518936e-01
-3.936471471587534854e-01
2.165896163354299464e-01
-1.639517528836862414e-01
-1.362034509537419225e-01
-5.592960589904378832e-01
-7.890989581297622735e-01
6.711221925697387070e-01
9.721924383554432225e-01
-8.798842942505654685e-01
-8.272863293754693093e-01
-5.682841009304948621e-01
9.324571415142162145e-01
4.796406168615645060e-01
-1.175838823026565949e-01
-3.703083532423256941e-01
3.788548083258710397e-01
-4.466801244493192602e-01
-7.738652590066623649e-01
4.290795703965477603e-01
-1.097895785385083478e-02
-8.497945266821591570e-01
-1.812875338195896191e-01
9.236930778668970277e-01
9.374086807844669300e-01
9.278572907585560525e-01
6.171028825144708740e-02
-4.520643464513965926e-01
-9.492762067614055610e-01
7.217065575042596048e-01
-8.813183747096873244e-01
4.022242389799930984e-01
-3.940061954503559782e-02
4.147808210846190002e-01
-9.234474543578655714e-01
4.223824939015128344e-01
4.889613997103871013e-01
-9.357414626072286801e-01
3.621660453887474707e-01
-6.104029682081624220e-01
7.055474339424452346e-01
6.710333810775789276e-01
-4.350887186243004301e-01
1.082033465632069591e-01
8.337548133279640838e-01
-8.848353626388056892e-01
-4.817435069692459493e-01
-6.365616850657426218e-01
-2.558364089153236653e-02
1.346665994885430928e-01
5.812319980420719290e-01
