4.765568019129606814e-02
-4.035016128431891946e-01
6.249401763519446540e-02
9.501646345901908486e-01
-6.678577654957541521e-01
2.659649993616465258e-01
-7.409652554446837236e-01
-4.419495261412358378e-01
5.154755491385545341e-01
2.416292696586364031e-02
-3.516229994952471127e-01
-5.719766443460632122e-01
4.219674467409286756e-01
9.544910040503606918e-01
-7.525223268844674074e-01
3.013500393277865896e-01
-4.034662220838067803e-01
-5.513228903303559747e-01
4.263479848364695735e-01
-9.363145034181086235e-01
-6.373833663193708698e-01
4.358265677464041865e-02
7.160247180676559964e-01
5.638447262098164048e-01
9.876876974428818734e-01
-5.302963145779253651e-01
1.961280847483082290e-02
3.319318474993344648e-01
-3.614549506596411721e-01
-2.045047968452202714e-01
1.807946219735081517e-01
1.505771209725041970e-01
-2.485805292450053994e-01
-1.967965602111160228e-01
-1.889848251379757094e-01
2.482185877863853918e-01
4.145402289204435098e-01
6.688592243133877346e-01
-5.735434149878525512e-01
5.977563725497805347e-01
-7.874765202276485798e-01
1.479943192616683945e-01
2.391896996103721751e-01
7.884082712552793470e-01
-7.147419138027408803e-01
9.317127413676666858e-01
9.021453813662470012e-01
-2.052203181451514591e-01
4.128780903510969047e-01
5.233336354971238613e-01
-4.980803830703972590e-01
-6.457458354732613648e-01
-5.295175652774490871e-01
1.478731399928590040e-02
6.007358791014236754e-01
2.759137905880199026e-02
-8.651011244862245597e-01
3.542262537530187494e-01
6.898637104819350663e-01
2.711747900769728714e-01
3.398505711849189037e-01
2.632974772102456562e-01
3.140083854399541297e-01
9.824152091138425025e-01
9.788711178410202107e-01
1.792997832723544072e-01
4.790087370002492073e-01
2.672684192895511401e-01
5.090689467663802592e-01
3.029687330454640115e-01
5.516943160265943558e-01
-3.410074294654663607e-01
-9.004242761002476669e-01
-1.902313727285169231e-01
-7.538868930067166296e-01
-4.192722659465559776e-01
1.657338065615148182e-01
7.206386457758351405e-02
5.019949101720762030e-01
-4.329053415732753152e-03
7.340309525413167835e-01
-7.339272721662090659e-02
8.577323005090276009e-01
9.194742424591110241e-01
5.930962635889511780e-01
-3.902569855171489355e-02
7.637203029751398198e-01
-4.393661543680837944e-02
9.844336208140306299e-01
1.893113333619427241e-01
9.894267997241019685e-01
-6.807158306401984715e-01
1.473325888721805366e-01
-5.804702606204699133e-01
-9.143010119448156114e-01
-2.586055861002515832e-01
-9.852295126039083417e-01
2.881672323425765736e-01
-6.230352591747795321e-01
-7.865188370293729747e-02
6.543030669238258934e-01
7.994697880643673038e-01
4.075304652546045681e-01
5.433310481913322665e-01
-6.355473196894584342e-01
3.725073946882806464e-02
3.873530201232839865e-01
-7.486539075412321775e-01
-6.844020174084757269e-01
9.165820121821603994e-01
-6.755682685733904735e-01
4.225590136442221034e-01
-7.573265620892916106e-01
3.669377639926747481e-01
-6.767907983322676291e-01
-1.961241127004569318e-01
-9.470349101064778896e-01
8.609406856087573612e-01
-3.153674750307422503e-01
-2.395228957877217901e-01
-6.589052562877789621e-01
-5.075782335713336924e-01
-6.250298265158960032e-01
5.715795027600791833e-01
8.513961148498172538e-01
2.171128571594145018e-01
8.471815049528064190e-01
-3.198048755887497041e-01
-4.933106033205536534e-02
7.704686447914466108e-02
-5.796774752560294175e-01
8.454645437071401926e-01
-6.395949240830646199e-01
9.854103967114737905e-01
8.360809411925276269e-01
-5.680871097910840106e-01
2.332329874700289629e-02
-7.445432794477305771e-01
-4.485878796298357063e-01
-5.697895034662208147e-01
-8.386350064968671747e-01
1.271455292064596065e-01
-5.467351073608577305e-01
9.635433706811846744e-01
-5.708421665535058365e-01
9.537646578722958068e-01
-6.381599098845220919e-01
5.950469457603509982e-01
1.984439944332463956e-01
6.309510673654268320e-01
-4.529162270562562265e-01
2.482712563237735592e-01
4.715810711879647732e-01
4.596559935487563031e-01
3.933239451998126746e-01
-2.099921381982259305e-01
2.119619511278026946e-01
1.115496050791893179e-01
-2.170850312427370643e-01
-8.745012771198726886e-01
-5.376714970762148660e-01
-5.691345253149870942e-02
1.678172128405232555e-01
-1.695080674921159158e-01
9.813411906569003973e-01
-5.272172079494260588e-01
-1.935914260765108086e-01
-2.308954515399082030e-01
7.784167228693443796e-01
1.586956485558837782e-01
4.449905302517133121e-01
5.554292355484198307e-01
9.759924800697599157e-01
5.405447044131997392e-03
3.126152212336753555e-01
-1.778751775287735759e-01
1.442927039929653432e-02
9.746953140853316100e-01
2.857648434371206636e-01
4.560675927417288111e-01
-2.981809893945479573e-01
4.228955998162465812e-01
4.068360325295963253e-01
-7.472294089419593277e-01
2.090702823937821142e-01
6.255388946469899736e-01
-5.899621810128581334e-01
6.953483291138435884e-01
7.543778979305069132e-01
5.114006398649630913e-01
3.401764736606133210e-01
8.848172394972412258e-01
-8.203419993056810383e-03
-5.303992217199040571e-01
2.574290362384710207e-01
8.588233701721575963e-02
-4.919907206802852651e-01
-1.872799453128476399e-01
1.346937498620041085e-01
9.075216765870781632e-01
7.575362488512393799e-01
-1.543094171337612563e-01
2.206656970367788240e-01
5.166824403353431627e-01
3.445259781716155101e-01
7.080885756542479870e-01
-6.102126640236209543e-01
8.890634522138862739e-02
6.407451664748080589e-01
-2.718651769868931645e-01
-2.045992649128763885e-02
-4.285762485614742490e-01
4.893693609629328201e-01
7.794415344426222081e-01
2.553022374415779838e-01
8.698865332063526745e-01
-5.929471140421881392e-01
-8.010972559296959394e-01
2.612448779446436831e-01
-4.798276772065452889e-01
-6.352957386780919702e-01
8.287598030562635110e-01
9.993803469356015157e-01
5.030433701130310187e-01
-1.421482739162551745e-01
-1.984744936840392437e-01
9.200469101826064255e-01
-2.586817111218080445e-01
7.720605583431763286e-01
1.920265736034290072e-01
-2.552690117836537986e-01
5.412068147256415829e-01
2.044240593835089381e-01
-9.559812473062478944e-02
6.786674404243745462e-01
2.348528100682523156e-01
-3.398436669028546131e-01
5.775177324987058602e-01
-8.100016258245701373e-01
-6.892555287387607255e-01
-3.727265415837008877e-01
-8.430859617298835929e-04
-4.603745275978761153e-01
8.859102709750796834e-01
-2.686308218862425434e-01
-3.848182808907500974e-01
6.564618862715450032e-01
-3.393152352858568310e-01
-3.960560613096573146e-01
1.587056028758904169e-01
-1.309641684911226900e-01
1.565741592142514960e-01
6.976382130362004386e-01
-4.526410271962386100e-01
-9.699221921849072725e-01
7.550604760171647500e-01
-7.358068967376760749e-01
-6.754632240563936962e-01
-2.695001554147653522e-01
3.099359092114074565e-01
-2.603338747066526460e-01
-6.238223305553680653e-01
-4.193514623445993017e-01
-1.491950678478093373e-01
6.668220621162970208e-01
