6.220675645429099010e-01
-4.051398597767768006e-01
-7.791559392205082979e-02
3.513426044261278580e-01
-7.500566679511984081e-01
-1.470664546821380814e-01
9.205713528599182016e-01
-2.131087292679738621e-01
-6.126320631183939103e-01
6.939181005483945341e-01
-3.000282994061407305e-01
9.570089896409583741e-01
6.504274356468726648e-01
-8.018744982465595417e-01
-4.756579540562837494e-01
2.431467119985430969e-04
-2.730565497959682730e-01
-6.327156050841491464e-01
-4.652396008350900836e-01
8.985791810589023321e-01
2.949940258841583507e-01
-2.632497046975839083e-01
5.153955650216701656e-02
1.293334573436166757e-01
1.092708018427046568e-02
3.468846276830293007e-01
8.110447131484366246e-02
1.165228333451460152e-01
6.160137654269552954e-01
-8.856264828273012757e-01
8.924009022745618136e-01
3.558812482597613069e-01
9.924429109794172810e-01
-8.146496610385693948e-01
-5.866455757629189804e-01
7.584925828860276109e-01
-6.334277616943086997e-01
-3.960973439262143181e-01
6.337133797537428670e-01
-4.256204760146051758e-01
8.326206520836423319e-01
-9.400462376564455713e-01
9.206919888255684636e-01
1.297651526681482537e-01
9.124843204814840902e-01
3.033773347414772115e-01
-8.677624745088536873e-01
-7.206469023554569198e-01
3.804038888790448603e-01
4.109568052329042320e-01
-3.440448300874827670e-01
-1.921925435270526172e-01
1.837562570853281674e-01
9.001537703085606967e-01
-4.062795583804370558e-01
5.803594915847973823e-01
4.225082529203705306e-02
8.939596066298975963e-01
-3.688017214313812353e-01
8.016590812244581699e-01
9.578749907382515527e-01
-9.094642762843829775e-01
7.632337441732128802e-02
5.397139574912395155e-01
6.861661088452899460e-01
-3.392077755178213305e-01
-5.246030072026532931e-01
5.441430346096685078e-01
9.796280598214048840e-01
-6.548047105601364493e-01
-1.521998445423926594e-01
-2.693338991000218119e-01
-4.203263099629224175e-01
-2.397428948625892620e-01
5.233835423012755950e-01
-2.599773519441939129e-02
-6.826547596082801483e-01
2.092669590409437230e-01
1.780492208777355589e-01
-5.787747623379586592e-01
-6.318785842085294924e-02
5.999857783197892758e-02
-9.750590357027451027e-01
-1.832986819330451045e-01
-6.168930456864392120e-01
-3.735882858760446457e-01
9.497490727997446314e-01
-6.930152094004646823e-01
-3.952431146590140720e-01
-6.446629243538963827e-01
-5.279153030822232306e-01
-2.092910980432265422e-01
-5.177981705646057531e-01
5.443582519564564848e-01
-1.858098535935059914e-02
-6.018576756173890097e-01
-2.665467997269710398e-01
3.383263367615962913e-02
-4.335326303017346117e-01
-3.764773364321964966e-01
-8.557017558934363333e-01
-7.153660119129412465e-01
8.845848629344330583e-01
-5.928289507774917588e-01
-3.890909090681435867e-01
6.016363532872219810e-01
-5.210206674240653868e-01
8.252243071334202096e-01
-6.667084766775621674e-01
4.792759234909547139e-01
-5.526091794464813578e-01
-6.540827911902045155e-01
-9.394598642235176822e-01
-9.032638836783795089e-01
-6.938214745189259514e-01
-9.095959234008619276e-01
-1.177548236461449793e-01
-3.746311162195512523e-01
-6.868916433176641689e-02
3.457944305702067567e-01
-1.115678822154912986e-01
-9.493785062475799119e-01
2.931709146973455749e-01
7.623424366920068529e-01
5.868225262638997464e-01
-2.152324938509344587e-01
-2.359716974922403399e-01
-9.935701304765927055e-01
1.794203145436419344e-01
-3.981094205989954560e-02
-4.167659929343994207e-01
9.481040434939516093e-01
9.972798076281548241e-01
-3.354767993148783933e-01
2.418889777722426082e-01
-4.797875878443980113e-01
4.681343295023852047e-01
-3.154442378258623947e-01
3.332235122424120899e-01
-2.071632264752814034e-01
-9.667856906167182629e-01
3.059692837117846675e-01
4.195985640763777447e-01
2.335454047073977080e-01
-6.633709443264643735e-01
4.966663275877962747e-01
-8.715245914231675162e-01
3.269357266596515377e-01
-1.284610015772746916e-01
-9.706362060460544949e-01
5.889983994880199081e-01
-7.100569432959766836e-01
9.584278809592106096e-01
6.439514767585745592e-01
-3.600788667371590535e-02
-8.396917696303844991e-01
4.742731603132157581e-01
3.671790352971375793e-01
1.380277833385230579e-01
9.199942283524069619e-01
9.256725011784732171e-01
-3.324518131390714615e-01
7.721220494890497221e-01
5.949885287690670488e-02
8.573086756507219963e-01
-6.803534979361720580e-01
-3.350700321980322194e-01
-3.064488442056434447e-01
-3.831883723852056445e-01
6.074312189548787266e-01
-1.689379578109531099e-01
-4.735376358988530043e-01
-3.600031507022656285e-01
8.438758519178202189e-01
-3.949476324565495133e-01
-8.238497730024474386e-01
7.670374821912822050e-01
-2.639880556163871628e-01
-3.064058823003290577e-01
-8.434074203756947163e-01
-5.806774897576747474e-01
5.555871161616732223e-02
6.612102212913466559e-01
8.635235648847254808e-01
1.765072412855932527e-01
-2.315420746287610854e-02
7.532450485169515098e-01
-7.139540570705082967e-01
-4.085254856500339926e-01
3.923122503568607922e-01
-3.720724308702050287e-02
-1.310802328381659443e-01
-4.065135487602822284e-01
-6.488158604591398593e-01
-2.374091554788493319e-01
-2.694157129285348340e-01
8.054333317130069059e-01
-3.254927810988001990e-01
-4.446421025570268526e-02
6.746907327040128077e-01
-4.966997828617578659e-01
3.790887632348469705e-01
1.468361490031229177e-01
-6.346893479811219763e-01
8.828064649915485784e-01
9.385844305313417735e-03
4.742861273647671627e-01
-4.281746563842980802e-01
-3.022835743542739984e-01
-7.986084874016194934e-01
-6.729714746787844870e-01
8.792353976023696838e-01
6.295268723067810601e-01
4.894919335358813850e-01
-4.237783822508094378e-01
4.609753114057744128e-01
-9.259671108305149723e-01
5.352581273893162184e-01
2.783393278519747938e-01
5.236976537764241879e-01
-5.696540469781634641e-01
2.786193553963356440e-01
-3.357321913711044381e-01
8.589953543806603253e-01
-5.085346564245754042e-01
2.294786210072476962e-01
-8.758896109402525276e-01
5.196279366102360964e-01
6.504624948085044878e-01
-3.040687145553313542e-01
-2.392683054459365799e-02
-6.765257529140531467e-01
3.507704423254458526e-01
8.847668085106135116e-01
7.719171041671764044e-01
-3.149984256658604487e-01
-7.793850414561716011e-01
4.187205462218257512e-01
7.264503489436737738e-01
-1.676994317752467101e-01
-9.677616303577818435e-01
-7.209096888412389603e-01
-6.731088225208037290e-01
2.194042436477365854e-01
-5.960479140589547420e-01
1.926237054511714675e-02
2.863060865694748713e-01
8.666084642429672247e-01
4.254847801579038080e-01
5.437243658920780653e-01
8.383274079792761846e-01
-5.468381255421084219e-01
9.206812848998287002e-01
-2.688383963431668633e-01
-3.111308053775587723e-01
-3.717053906470135782e-01
-6.993683312663445673e-01
-6.759536962132335347e-01
-2.796975401177104192e-01
-5.626368802590375751e-01
-5.748852682960314819e-01
-7.698609221766274935e-01
2.323371843392980640e-01
9.078918372899718037e-01
-6.264640267259338202e-01
