8.705492014475582074e-01
8.653349706976025679e-01
1.318524144310733170e-01
6.485872057217250131e-01
1.495458667914604245e-01
-9.446437767041249156e-01
-4.527092859595729379e-01
7.926352967906820091e-01
-9.575923603233926773e-01
8.143675749841883249e-01
5.005019841117470669e-01
-5.615017338806607139e-01
4.112829779070297231e-01
-8.374787706227326822e-01
2.611424556820636234e-01
9.955761175608435209e-02
-8.129007141493280741e-01
-5.212915306118621750e-01
6.131440378322305929e-01
-9.675131850740794626e-01
5.108776413209084044e-01
7.679908336949692327e-01
-6.907464495469253229e-01
6.831894498918091863e-01
-5.234596149335448700e-01
-9.901739736625918553e-01
-4.644843543120142915e-01
7.591117796311546151e-01
3.393506065976108488e-01
5.724806844145855500e-01
-4.138944289578196933e-01
6.441864190392447842e-01
3.412199849700598975e-01
-9.861008128218802238e-01
-5.614449755457326940e-01
8.231639044089842372e-01
6.974065910088496079e-01
-8.921659311979179829e-01
6.642928918626722634e-02
-2.241974233506793812e-01
-5.383214803069353849e-01
-5.298609967594454240e-01
6.581946055866558787e-01
-5.804915172048383809e-01
-8.721471016571391566e-02
-3.437476818803015810e-01
4.025873958393653140e-01
-4.842890689479917299e-01
-2.386563765681157800e-01
4.480101117195602889e-01
8.978245472136279215e-01
-3.088364604062618923e-01
-5.237105533655106449e-01
8.681968977228353701e-01
3.599369622903418886e-01
5.210970219141715098e-01
-1.599542543588223786e-01
7.073140225504150891e-01
4.572155399397184183e-01
3.492217006502280618e-01
-7.813086728922136182e-01
-3.641624728481001050e-01
5.963251866948438007e-01
2.326591123754351287e-02
7.347568457229058936e-03
4.905071204907107685e-01
9.110085542229622302e-01
7.425966933587440089e-01
8.485768216688769350e-01
3.733672281444055940e-03
-3.567263652211007940e-01
-1.158393682825265003e-02
7.941076365269650328e-01
5.679904197113498920e-01
8.603845544784232136e-01
-7.731722372615594807e-01
-3.567460489667770851e-01
6.417651752929545150e-01
-5.362911063638808873e-01
-8.218283821482172957e-01
8.448404087397332063e-03
-5.919733891525478242e-01
1.188999195604869552e-01
-6.362366190118047271e-01
2.798247489291321166e-01
4.340498430706107857e-01
4.061132543584100585e-01
-5.998994935584842647e-01
4.070113338671341729e-01
6.303724784853899088e-01
-1.259386751913127434e-02
-1.851936378538650008e-01
7.270879719536598174e-01
-6.912093061028450336e-01
-2.471044656937260164e-01
5.835874494479924568e-01
9.345671810606006602e-01
7.625095187447821221e-01
-6.057968782355782622e-02
1.326210573179400498e-01
5.162190361175200692e-02
-9.774333913193407053e-01
-9.243649202234180962e-01
-1.894114634384500562e-01
-8.879216316927522890e-01
-8.858189403462504163e-01
2.452895842049775954e-01
4.951698502951868974e-01
-8.731665073224046392e-01
-8.790963515456553523e-01
-8.181547818610268585e-01
-7.859073280549200291e-02
2.695672763012517681e-01
3.339837117114541343e-01
5.544413750855512468e-01
7.694227473022463570e-01
-2.585707344993326551e-02
1.076219577026622520e-01
-9.693126281489796714e-01
1.209526367439826000e-01
-8.994385407714196035e-01
-9.538195446056647597e-01
8.743360792211190002e-01
3.888873588266175130e-01
1.741848208644221074e-01
-7.664979531255586842e-01
6.493144235983920876e-01
-9.530628321311196416e-01
-2.226015330900499301e-01
-7.748685387471290209e-01
1.069097199283584043e-01
-1.273577837164114879e-01
-3.386398033320503487e-01
-1.348982411982582175e-01
-2.330048404536115836e-01
-3.883134638508520808e-01
-3.757164496590617020e-01
-3.016645814517409097e-01
-6.162276934250792149e-01
-8.453798841263218122e-01
-1.717884196758552307e-01
-9.459512240463883170e-01
-6.350046909333346701e-01
-3.133745702968038227e-01
-1.686202117870232442e-01
-7.132484532259595333e-01
-2.781563291476198962e-01
8.008425112762971310e-01
8.987453332854182797e-01
2.895188027953041754e-01
6.294892068803752405e-01
3.065249407263606063e-01
6.136824915057359497e-02
5.802295678494071574e-01
2.686819288284743035e-01
-5.835549247601046208e-01
6.759397920292600226e-01
1.664007123024906498e-01
-8.320365277119650127e-01
5.543762062554968839e-01
-2.252352499156471399e-01
-3.048962892100737232e-01
-8.136621794584333323e-01
2.434841264558078588e-01
-6.172061793430154708e-01
-1.783581385595942592e-01
-3.635628095834086970e-01
-8.816574110929127350e-01
8.915907238262870127e-01
8.941574473223388164e-01
-8.894460434630118151e-01
-4.091600992520494362e-01
-9.242530301225309053e-01
-1.174235955861235858e-02
-9.412895837120884845e-01
5.324542627737247624e-01
-6.616130274040161741e-01
5.699279176852689588e-02
-1.212157271432809935e-01
-8.660553412390721295e-01
6.033226466428682766e-01
-8.898970128918624045e-01
1.464760332534704723e-01
8.858284043873825286e-01
2.267078920457843427e-01
2.547261724552845052e-01
-6.291367162142633696e-01
-9.392788648931797990e-01
-4.011345116755800078e-01
-8.359409891119873315e-02
-8.580753381652843625e-01
-7.108801986990684885e-01
4.085606770578853464e-01
-3.190011891932802435e-01
-4.343784761673936679e-01
-7.422892470589919078e-01
2.883937718692788366e-01
-4.224158013828827052e-01
-5.987975677834136423e-01
8.159876689948442063e-01
-7.907328240366211514e-01
-4.001784034240829513e-02
-9.069088768141362333e-01
4.667313892848010681e-01
6.321998183420101114e-01
-6.774648629710504633e-01
5.332554267677025450e-02
-1.128451817566764603e-01
8.231240314081129661e-01
1.898318304188113537e-01
-9.763789169357592890e-01
5.587801415520896597e-01
8.479721198192320397e-01
5.463125208372829889e-01
7.684225243900573155e-01
2.730778571766341312e-01
-3.935269278442272700e-01
-6.148529191711959996e-02
4.653120274294142433e-02
-3.571480224290675132e-01
-7.112308676707090882e-01
-6.866144141584304972e-01
-3.805800336099351977e-01
6.985014965522149399e-01
-2.877649563023376711e-01
7.090296255337042997e-01
3.605241685863116441e-01
-5.970975799164703890e-01
1.265539318275814562e-01
9.923999796949023455e-01
-4.454514262843540795e-01
-2.906847757610799832e-01
-2.163074457102864834e-02
-1.845399806426899492e-01
5.895795308099192056e-01
5.820739671272545657e-01
-6.333850098075732848e-01
6.972081708360122754e-02
5.335512224427443329e-01
7.202064697326830967e-01
9.970983396140253863e-01
-4.012259946193914573e-01
6.157950707546302471e-01
-3.884615782146603191e-01
6.363869169859002195e-01
5.357003130989410611e-01
2.335003924758172200e-01
-6.409865488402464173e-01
-7.966335629084433378e-01
4.026717168307769601e-01
-3.624235314592429980e-01
-8.952720164730632035e-01
3.207027335252761180e-01
-8.099762688664913224e-01
-7.433188708707498815e-01
4.916287650728545788e-01
-1.334305754293385604e-03
9.526354420388174482e-01
1.536441735533580211e-01
-2.973254207005826544e-01
-2.390847121459971358e-01
1.823853409771940548e-01
-7.028211720635146875e-02
8.830536853372739081e-01
-4.416189636244329808e-01
