1.959952407714451450e-01
6.006649859458302876e-01
4.633192250515549837e-02
-4.240396372200557762e-01
-7.846504758016163983e-01
-7.693422853342135603e-02
3.841792838612085870e-01
-4.471533502263604909e-01
8.912084727897569003e-01
1.372531391603573347e-01
-8.326545765241211150e-02
3.507257272140364979e-01
-7.755956984912186769e-01
-6.883369812567117219e-01
-8.175377688772340612e-01
-1.089970035883178201e-01
-4.663935614048184686e-01
4.144719277242741029e-01
-7.527329880751548741e-01
8.956454711612016339e-01
6.450171525669323724e-01
1.472510335078145993e-01
9.444816677386113080e-01
-7.799914417602958894e-01
-4.758290001864166063e-01
5.552949552998138749e-01
-6.710833075897604250e-01
9.462104240608967265e-01
-7.289849718888685715e-02
-7.632375437093735782e-01
9.594594531104069235e-01
6.587774492757308975e-01
-9.058671967986881013e-01
2.751666561234551445e-01
-8.180339129916469609e-02
1.841627503928281451e-01
9.645465692698544924e-01
-2.027144720017068913e-01
-9.605443864587587255e-01
7.365106147021043270e-01
1.175028102641502148e-01
8.693934874774530419e-01
-7.124882679331034918e-01
-9.588156187539104147e-01
-6.918375884791324593e-01
-3.356680713061876986e-01
5.515380091243765603e-01
2.192677026350853264e-01
9.290876947455559698e-01
7.098223076275298471e-01
-2.670797125652746296e-01
-4.277363560555924593e-01
8.095634916960573468e-01
-5.788766678855523651e-01
-9.552981822592057082e-01
-1.592697800937648567e-01
1.750856140412798134e-01
-6.678270030498506538e-01
1.185323805556981469e-01
-2.599666530339960202e-01
-1.031011623601376659e-01
6.484034281284494217e-01
-8.360250311839610982e-01
-7.596056522666272404e-01
5.812662838672375543e-01
6.096212050694860274e-01
-7.527354318293606461e-01
2.209939498092069465e-01
-1.351827114368727711e-01
6.810214506777793053e-01
-6.276920096291993545e-02
-1.491680625376734515e-01
-7.783013736208213018e-01
-6.079340654376773623e-01
-7.028844020842550666e-01
-5.649417337003468376e-01
5.693929614138820705e-01
-4.888040564402929000e-02
-2.376576367861178429e-01
-9.596531483668594431e-01
-1.759302916075085044e-01
-2.977331969161846059e-01
5.525762586518794262e-01
7.938266595347265309e-02
1.509196228182072552e-01
-1.570134279283874612e-02
4.045804670677559667e-01
9.593574798831552286e-01
1.125122949523804650e-01
-3.782718366136200716e-01
-4.807020220736080152e-02
4.784774476606372673e-01
6.826354656078238436e-01
4.336723437349834231e-01
-6.539821397618685861e-01
-4.526452286899973476e-02
-5.718794330910714763e-01
-9.253719386402698976e-01
1.270577419634525973e-01
-7.936670232282293513e-01
1.803371462706884198e-01
3.715079784452288703e-01
9.576892869985815793e-01
9.113536890676574576e-01
-1.412899841387855737e-01
-5.585104320545509760e-01
-2.012788190678984623e-01
-3.109537773198451927e-01
-9.744003690394666961e-01
-5.772401774229292126e-01
4.234363357792794713e-01
-2.281142019248817432e-01
-7.889282027460378099e-01
-6.864286812090429901e-01
-4.167100178678926348e-01
-2.240936026892015320e-02
-3.933125309976193140e-01
-8.112764501180215193e-01
6.310897519160136859e-01
7.809622573588398398e-01
-3.743718075765425368e-01
-8.879426598902842027e-01
6.830702418256863195e-01
-7.128013560817303418e-01
-5.987452373839695641e-01
4.531170328745023901e-01
1.925384495164678689e-01
-4.796239890287475327e-01
5.858421081482584336e-01
4.789795228494059254e-01
2.206218030635131999e-01
-4.964555699209951545e-01
8.834752822920062254e-01
4.307374364288338864e-01
-5.914962001314003626e-01
9.007120329642932521e-01
2.632817918551307312e-01
9.961966742621888304e-01
6.461484577606342317e-01
-8.996394788291816047e-01
-4.973495931741036546e-01
9.614665215403009890e-01
1.902059080318306561e-01
7.020483701712700864e-01
-2.165158506925148885e-01
5.905773468912325352e-01
-6.452617370521425144e-01
4.502901543956816521e-01
1.563684352004277023e-02
-1.107951680007720069e-01
-6.676585835934718549e-01
9.832979188308466068e-01
-4.050656036615211120e-01
4.264659443042984055e-01
-1.926708329466805814e-01
-8.300186703287820711e-02
5.433877784640317454e-01
5.318813952700121028e-01
2.847755343378152726e-01
2.452715105468719070e-01
-8.352369691475214353e-01
-4.703190030441230518e-01
1.398699733426331804e-01
-4.542035499769336848e-03
7.957906152883291728e-01
-9.155187295409505932e-01
4.049598238718458698e-01
-4.653045514910349456e-01
7.699028064567137175e-01
7.084450622311371237e-01
8.392901376825636639e-01
8.980999492845760379e-01
6.361850784615121768e-01
-1.648152722877953558e-01
-3.146566244103472521e-01
-3.576111556846560680e-01
-2.269400883043224404e-01
-2.565227022734810625e-01
5.831526385387815203e-01
4.280245147419110552e-01
2.248158521282280636e-02
-5.968873784403565530e-01
-3.354252611117768401e-01
-5.892106368825280605e-01
9.937007644201427681e-01
7.115007429939905759e-01
3.356972913314535401e-01
-3.464494026053772102e-01
4.264177257144718958e-01
-8.993072891442466243e-02
7.801155511591940650e-01
7.717140456003983573e-01
-8.402803976306796319e-01
-9.188989444893063130e-01
-6.447050873892407052e-02
6.472306626208484959e-01
-8.887841984780647797e-02
-4.475564650987391424e-01
-9.855130182941018724e-01
9.900680162139448015e-01
-1.972972753939647717e-01
-4.900756600547593322e-01
-9.560123650978543663e-01
1.967702611729998385e-01
-5.554226788872554943e-01
8.132768795371931869e-01
5.825642394779799726e-01
5.511273754903660560e-01
-1.319601863587378521e-01
-6.293088513263737083e-01
-8.126614203928561597e-01
-9.809596633648041131e-01
7.879822577580934961e-01
5.077984545441394104e-02
-5.387360030637318165e-01
-2.244224688220674002e-01
2.440117866308697259e-01
2.613695189815165021e-01
-7.245040240357103478e-02
-3.992968741923690335e-01
-9.650439928867775574e-01
-5.319081615220893067e-01
6.979190750596209192e-01
-6.190442781334986044e-01
-3.641011593707492722e-01
-1.258545372087635783e-01
7.055877025980105133e-01
-7.693290671716490614e-02
7.513767948126850449e-01
-2.694172177904399224e-01
-8.378901759362096247e-01
8.029858795368680635e-01
8.487054964895626163e-01
2.737272108968310524e-01
-1.825843699057199121e-01
4.175435069270984068e-01
-4.303869623495382157e-01
5.571146539108235984e-01
1.757515932950404203e-01
2.124156010085430368e-01
-5.594356551256978172e-01
-3.025118695572888150e-01
4.133176465038269631e-01
7.667544365729825895e-01
7.454233693439200614e-01
7.907173490251601100e-02
-6.523619091363206390e-01
-8.471872295602222991e-01
6.704544986030589460e-01
9.997436715959799880e-01
6.572058564284428694e-01
3.473228999550812546e-01
-9.433447816019313592e-02
7.407585252478492421e-01
-7.845549004029102047e-01
-1.479907931150368228e-01
9.670919538662632320e-01
1.837058194889881757e-02
-3.019833116813279705e-01
4.978471015095229379e-01
8.440955559926721641e-02
1.161738891608810054e-01
1.286288566786865095e-01
5.832076288749821202e-03
-6.283302530005601128e-01
