6.856248999071168360e-01
-5.796686532071805287e-01
3.072827963171409493e-01
-1.770038467877858013e-01
-4.429503060642820955e-01
6.752869344662884021e-01
8.456166151446653512e-01
-9.417252669949973676e-01
-5.935471659124413879e-02
-1.805379420852015748e-02
-3.219897367464941151e-01
9.684601522914946248e-01
4.059186501607032205e-01
3.795039539582227839e-01
1.253744116441987966e-01
-6.859643021333008406e-01
1.625237065447652229e-01
-4.430096616358691897e-02
-3.728624036456175683e-01
-6.372987345198857234e-01
-7.732613836463089196e-01
-9.434749150261928508e-01
-7.235874080858568647e-01
-2.471655785117814474e-01
4.762661612330343353e-01
-8.754042448106578167e-01
-9.671445355844801028e-01
5.107679690514566051e-03
-5.818472094007011153e-01
7.497906951494373029e-01
-9.976143627522936486e-01
-8.828583682842914282e-01
3.089221078135372944e-01
-1.068568417481545740e-01
-1.693692517009708354e-01
-9.540040863200681676e-01
2.642004678996305866e-01
6.842693746074290928e-01
-1.056392548726858838e-01
2.383186189907884334e-01
7.309348896473901736e-01
-1.970389781803172369e-01
8.985684153936625007e-01
-6.517297657608911443e-01
3.105864623510221634e-01
-5.131100150353535838e-01
-8.345849397684448334e-01
-3.070169732099037319e-01
8.857418029855685937e-01
5.195471576761336863e-01
5.427391203638149975e-01
3.297224381178734953e-01
-1.608228217252729575e-01
9.816352274728803451e-01
4.362165792954264543e-02
-7.465834933267738727e-01
4.167607096648267007e-01
-2.470370348188855036e-01
-2.287164014622840025e-01
-8.789233467400372479e-01
6.853214261783804329e-01
-8.466744733330739958e-01
6.353586487690759954e-01
-1.682143308009897975e-01
-3.908029761227773680e-01
-6.113637829237665855e-01
8.657238335384653816e-01
-2.114767467333819040e-01
-5.447171579707636990e-01
6.580584075081512552e-01
-2.683656778607952376e-01
-6.945045541138767931e-01
4.866380914672530089e-02
-9.373985644959057506e-01
1.011624320187377579e-01
-8.625420572015601861e-01
6.711068523304579703e-01
-6.098548735583422253e-01
-9.768326460855035753e-01
-7.256699115788445287e-01
-5.740479986660018685e-01
8.381271376944403606e-01
-2.258041173318912076e-01
8.156901742882735062e-01
6.158260894267788554e-01
-8.806866295344625839e-02
-2.182234851059372538e-01
-6.671032977707582745e-01
5.485819125977440258e-01
-7.038010159329490811e-01
5.920268600839871942e-01
6.241582497940156848e-01
-5.934137247008707261e-01
4.626138403667183763e-01
-6.549535857786160653e-01
8.557751200317988971e-01
-5.202362536574851593e-01
1.503877501601663669e-02
5.888757773329382772e-01
-6.257962682918190023e-01
-3.600708487375681721e-01
6.610996160109043895e-01
7.371141839152790531e-01
2.513477121631815248e-01
-8.503603425290575668e-01
6.280289632287785473e-01
5.791492618040662288e-01
8.780858930150324815e-01
7.827566570119658396e-01
9.611424471332126185e-01
9.678251195118285632e-02
-5.137686153553711055e-01
-2.224817058688273175e-01
8.775365925064058104e-01
-5.955909114116092473e-01
8.466986988532310132e-01
-2.275887444045006092e-01
-1.000811062558314424e-01
-4.263535447966784742e-02
8.536031045580287913e-01
8.248165964479859946e-01
-5.515031228654732054e-02
7.698208782211368728e-02
-9.199857459238496293e-01
-9.667030771075154627e-01
-3.368181647986900895e-01
7.035659019496115496e-01
-2.641752159197623406e-01
1.781545788483035742e-01
3.195092608015304148e-02
5.650203506917779173e-01
6.218288657013215648e-01
1.393690886528691220e-01
-4.477380418822438646e-01
-6.543207894239244649e-01
-8.641510794781348537e-01
-3.484864646113099429e-01
1.849454830336096922e-01
8.582930119799105917e-01
2.968971035631284838e-01
8.302954952647585429e-01
-2.699317849141784631e-01
-5.361195305398369637e-01
6.351681339765851142e-01
8.634259803824886337e-01
5.512888829209661168e-02
4.444754237278081277e-01
6.641870744149722672e-01
-3.171173565242075831e-01
-1.535704233138784902e-02
2.291642451400530481e-02
-1.664250462175104472e-01
-1.093580951302013382e-01
7.294547109442401922e-01
-9.407180433882411652e-01
1.972494642584921576e-01
4.896231596282647480e-01
4.729416846552709774e-01
2.216691785458601016e-01
-1.977704425032264512e-02
8.916890370955052880e-01
-5.974831931372104332e-01
-8.338036937893178457e-01
6.386736245159512215e-01
9.705945941832330170e-01
5.328680977792672468e-01
5.605731318235623872e-01
-1.531717234677107964e-01
5.544214098229161003e-02
3.463282372132776565e-01
-2.073910061017858464e-01
-6.847674618605863461e-01
-3.321805279178876580e-01
6.572992761314377930e-02
-7.192690309973208684e-01
8.728384957663144483e-01
7.170538293606274483e-01
-2.690730354872370444e-01
-5.968258437402405026e-01
2.345902407166724490e-01
6.327432633052214594e-01
6.907046807327033022e-01
1.867195682695941272e-01
-4.178060690563625279e-01
-2.520956977829182932e-01
9.555321565592510558e-01
-2.465325664178574794e-01
-9.744144119588250552e-01
-7.624945200814383650e-01
-3.360092586728864461e-01
-4.217353356911279771e-01
6.724715901056887990e-01
-6.256346870064922738e-01
3.574041327032339010e-01
3.994849822247699134e-01
-2.743300222049413484e-01
5.338693608123936674e-01
-8.743295112276726622e-01
4.516946753572846918e-01
-7.547524183911231699e-01
-2.594877760253595511e-01
-4.226433498053474569e-01
9.435915082461289183e-01
7.165166675681653441e-01
1.695451813913744221e-01
-4.634636934801079633e-01
-7.018118935490511578e-01
-2.927975597353832393e-01
-5.215619396567372501e-01
4.728129597883719004e-01
-9.559688650677067301e-01
8.498532474052066243e-01
-2.655629183484076172e-01
8.149956518284660056e-01
-6.402025753174598321e-01
-4.455848094355934208e-01
-2.165491382460221492e-01
-8.707938783232860303e-02
8.362326177983954167e-01
-6.293092331438226994e-01
9.596876719962141866e-01
4.101796867547284897e-01
3.495941029883593010e-01
6.474979106061649059e-01
9.055389293907738502e-01
-9.915468786787976496e-01
-9.913704535631586712e-01
8.190288828097447293e-01
7.324922314636259646e-01
-3.871542556687361802e-01
-1.726472962603233796e-01
-2.372549655174094330e-01
3.252698019747091163e-01
9.844768771160270493e-01
6.419375289666664486e-01
-8.820371141944269855e-01
-1.516371105842617695e-02
4.532025734530746863e-01
4.516061489243605176e-01
-8.195308351679903014e-02
-4.143459628450349985e-01
-6.755885506293290987e-02
8.195168610086839278e-01
-1.677481331621677452e-01
4.205079376538806146e-01
5.091033085711696993e-01
-5.337137862709211422e-01
4.120836949205657351e-01
-4.436664839654688164e-01
3.872644715713959851e-01
5.251237043033907259e-01
3.399704119369439947e-01
-6.674227164590140760e-01
3.110295742499125105e-01
2.512472670468288705e-01
7.282267068097283413e-01
7.418097778306569356e-01
9.976703148941226118e-01
1.300623729340006918e-01
6.067914007671830756e-01
-7.074093733848620946e-01
-9.373366257608171104e-01
-4.149780571724925871e-02
-8.892452125157219722e-01
1.089762025857402526e-02
