1.317145246207518383e-01
5.416342420818729408e-01
8.198877831079227629e-01
-1.433471877950465156e-02
1.019975033974672707e-01
-8.657742812641140429e-01
-1.783489334374548374e-01
7.693073442008777629e-01
-5.786541174454511438e-01
8.998934349243390418e-01
-9.089578247826590740e-02
3.980102009983305100e-01
-4.361927431894246920e-01
7.026109396205879598e-01
-7.086985014199664867e-01
6.329053869623374462e-02
-1.814492012623185602e-01
7.497778773115659767e-01
-9.842237979722776586e-01
-1.874270368451780300e-01
-3.926781672792167832e-01
-1.979689152558248288e-01
1.156050348752856172e-01
1.745573239498694473e-01
-7.264841813413001059e-01
3.169125135951451622e-01
8.143166910071558684e-01
-7.393277799275679296e-01
1.346344500688297918e-01
-8.901331170734866349e-01
-7.339351912185287929e-02
5.945192417667399809e-01
-2.116470844600991663e-01
-5.359923952992773355e-01
2.980982027193319617e-01
3.989165753055874397e-01
3.600290387491492106e-01
4.020909688556839612e-03
-5.759242971175844161e-01
-5.663003369378993845e-01
-2.858572883128518427e-01
-2.329495807249506445e-01
-3.473010313806165206e-01
7.120477688498387803e-01
-6.999852390544065717e-01
2.791727842679271876e-01
4.169285973107210719e-01
-4.153639388537637700e-01
-4.608746541408181852e-01
8.044708658198638229e-01
2.703021173342242678e-01
6.237840682465261022e-01
5.041267960320212627e-01
5.194207217838836543e-01
6.757971877430830610e-01
3.532241969408178583e-02
-5.943504058843460669e-01
-6.165823603875455472e-01
5.529253700138713201e-01
-6.411430256077812473e-01
-6.785957880149959820e-01
-9.572077456009473462e-01
7.636407397599564995e-01
7.909095606409763946e-01
-3.760758848232653717e-01
7.214423498746933561e-01
-2.681551097984640197e-01
-9.740093680934920339e-01
8.891218047856197515e-02
-5.554125410978822952e-01
4.849896410657754675e-01
4.000854284291512908e-01
-3.196929087022748472e-01
-1.525281281943365319e-01
-1.759230963584796359e-01
-3.887419401608627201e-01
1.824405726520150761e-01
-9.179062431909877917e-01
5.561127132388369310e-01
-4.150980365427333618e-01
-6.220650092561503808e-01
8.271478323085175166e-01
-4.100922161191046800e-01
-5.979554775227164942e-01
7.652567882740780592e-01
-7.733516411312926220e-01
3.458764819194979356e-01
6.493666180092725337e-01
5.263979267429056419e-01
-4.311522998326444145e-01
5.583037847681466825e-01
-8.395249117694477681e-01
-2.573770741201723555e-01
4.233449362162697849e-01
-5.578154499544973888e-01
3.965575287007776506e-01
6.766419372671861332e-01
-3.169164473831248552e-01
5.254165069125104059e-01
8.397618911937370090e-01
3.661566239002302936e-01
-4.768621805467598840e-02
-5.250427623105997643e-01
-1.364180573991535805e-01
7.038798656914297958e-01
6.033070791310259917e-01
-9.072148481104089779e-01
-8.575843016093741555e-01
5.722911742592777795e-01
4.748996072528873791e-01
2.646454097106236691e-01
-6.252122905359583926e-01
3.733628628602743138e-01
-1.008774799465699257e-01
8.548298071622095762e-01
-3.983751575375231724e-01
3.305699153537597912e-01
-1.155970689540775087e-01
5.787583056879386234e-01
-8.214066938401233253e-01
-3.203696537631310903e-01
-9.347415762410560269e-01
-4.100465923978549032e-01
2.698905548618915073e-01
-3.524451752990664932e-01
9.004342899635962016e-01
-7.107132402824178907e-01
6.456391685793032575e-01
4.316019454179855774e-01
4.260389507490081051e-01
-3.706497445071897379e-01
1.294981469004912178e-01
-8.196207717913610580e-01
3.794754508509115554e-01
2.316922221896204892e-01
1.486986072883374477e-01
-8.352955442756250237e-01
3.566499473730750935e-01
6.747071522331997695e-01
3.818532472442730530e-01
-2.672613952280827876e-02
-1.300694166309515620e-01
-2.236604706838670187e-01
7.259664531611051963e-01
8.649789363291673361e-01
-4.701659963150996990e-01
8.061185263753697927e-02
-8.892833724602485779e-01
-2.486325759280768044e-01
-2.695676430472258023e-01
1.333739233660270473e-01
8.267123754648687539e-01
-4.962650350393502663e-01
3.875287770822373190e-01
8.526493561475120275e-01
-8.814428257856372628e-01
-1.686837101404516093e-01
-5.523451505603980127e-01
5.574184126241563675e-01
8.943640791334549478e-01
8.797253812384169258e-01
-7.937454563425780929e-01
7.953872575285502178e-01
5.511942487142039715e-01
3.699753063535600184e-01
-1.532889806104589248e-01
6.968212303498171334e-01
2.526884899375740345e-01
1.432500863991998941e-01
-5.345189726830082977e-01
-2.103399800346170689e-01
-1.762197513309751162e-01
6.278093682800112152e-02
-6.192902906805990426e-01
5.525465106121376646e-01
9.354382038733722871e-01
9.957858889398931712e-01
-2.924600252834392844e-01
-5.399434572430429347e-01
-4.231272654041169368e-01
5.240424877385621016e-01
4.287180627800646349e-01
-5.685854100074250184e-01
-6.277880620966310721e-01
-2.612347243959352028e-01
-8.183626432049031507e-01
-8.141548644060188078e-01
8.066076974000786493e-01
-1.075964585356325998e-01
-2.300051498219445878e-01
-4.319723131984298803e-02
4.463884731369760495e-01
-3.301792669617172882e-01
-5.814770943777871626e-01
5.611766706653131820e-02
8.883310960616455088e-01
4.061134006270581409e-01
6.684148228516620382e-02
8.433708166405762263e-02
-1.605634891746752224e-01
-5.616978316770742108e-01
7.170072389078933073e-01
6.977659139627021556e-01
1.431221305031882274e-01
-4.048864581760083237e-01
-7.546452593793575581e-01
3.819205460250565398e-01
4.052247673030573427e-01
-5.269338713640854266e-01
-7.477752564030073490e-01
-3.141717742376123335e-01
9.901585370455322499e-01
-8.866476538677823260e-01
6.393744923969346683e-01
-5.764345298243332971e-01
-9.209902702824499521e-01
-1.708209014502947432e-01
1.470906767969967777e-01
5.257630300461131334e-01
9.987416716557799834e-01
2.216380341219904015e-01
-7.102163281477558154e-01
8.285478052909144298e-01
3.268808592441185823e-01
7.858111234611124818e-01
-3.167548023915951472e-01
-7.315655366103612778e-01
9.245637234231990353e-01
9.074065257119132699e-01
-5.999487461852348602e-01
5.789884714742941085e-01
-5.841305367893259159e-01
-8.191684779716180698e-01
3.036271646600227636e-01
9.482547073096692092e-01
-7.269613923312006065e-01
-7.497307390372862645e-01
1.258306466147469105e-01
1.725004244168237832e-02
-3.568918547650162254e-01
9.259261675541106129e-01
7.238830225980106281e-01
9.538727929498961311e-01
-1.187672148057694610e-01
9.261555817264943702e-01
-5.076504572070134058e-01
6.317428623831069512e-01
9.903090193502965821e-01
6.886152574251696024e-01
-9.816284484257422616e-01
-3.148434896368097480e-01
6.123898164199934602e-01
-6.208758660270525809e-01
-1.099741366842090784e-01
-6.142980163708802177e-01
-3.803200591418489651e-01
-7.602932044788038302e-02
4.336475832119306428e-01
3.624199796448719368e-01
1.479126565475907817e-01
9.710570363123585125e-01
-7.644615668560923449e-01
5.976546093238674917e-01
-2.224915007628467389e-01
1.891715732659051685e-01
