-4.267083581171243756e-01
4.907887102700128623e-02
2.219254489159487309e-01
4.611002673628866733e-01
6.327781795967120371e-02
-1.617124968557284159e-01
-1.417174340582962877e-01
9.410852060225186611e-01
8.208335624952595166e-01
2.815809785261721432e-01
6.449344183575469458e-01
9.242536735070682186e-01
-5.165454762523663534e-02
-1.204623247087577287e-01
-4.589280816918978601e-01
8.788306182897138719e-01
-4.731831829314036009e-01
1.576893544166621530e-02
-8.959378463551165295e-01
1.795832711304272689e-01
4.028243650567766010e-01
-7.246910195173044134e-01
-7.840191805008769332e-01
-4.388850948308044009e-01
-1.874979099286105955e-01
2.270969159556568417e-02
1.904599121475715195e-01
-3.662944846584205716e-01
9.320100590427773390e-01
-1.050110083751070178e-01
-1.942398494752239357e-01
-1.686000214973438771e-01
-3.319708215156702558e-01
7.438593906033408309e-02
-7.041873804856303432e-01
-2.341300991191276326e-01
-8.349602328736551726e-01
-1.950236439248070608e-01
9.320280323472576178e-01
-5.579403398056002050e-01
-3.929202133939440622e-01
-7.419336947531709470e-01
-8.964653178715491499e-01
-7.444464175365570480e-01
5.729383028715870907e-01
-4.780088531945015928e-01
2.070440427949545859e-01
-3.433418002259113755e-01
9.842671983658607404e-01
3.263028942419566314e-01
6.076976163347967974e-01
-2.408676402882362622e-01
-6.726269707878156368e-01
-8.240997868122703629e-01
-8.960942122135967525e-03
-5.182235781921751272e-01
2.187920601266351572e-01
-4.419746251964941086e-01
-7.008274756642624004e-02
-3.933747519940845039e-01
-9.185572596377080679e-01
-9.296073458860040217e-01
-6.991180806298111783e-01
3.073737369485722848e-01
-5.290947864357653518e-01
2.188568639985964959e-01
7.106048522751688967e-01
-3.271495568547142518e-01
-9.143535160506877091e-01
1.607813184055496003e-01
1.006575259586040549e-01
-2.222859743665639431e-02
-2.527864589268828954e-01
-7.959720934587790619e-01
5.895480086453338542e-01
9.034152928200726018e-01
4.943290489453728842e-01
2.427734245972045790e-01
4.548295818392560363e-01
-6.660040000132368965e-01
6.620485706484307009e-01
7.290989618333983957e-01
6.843798471319371135e-01
1.996615553576663316e-01
-3.124228316970335539e-01
-6.870208418801346806e-01
-3.528549157967976191e-01
6.788505867101218838e-01
9.495162662880017868e-01
3.405447788432630629e-01
-8.953001151097420562e-01
9.175723711777374891e-01
-3.154653051222494620e-02
-8.544436951649805323e-01
-9.937212164119677560e-01
3.048308984317254500e-01
5.557333564247479707e-02
-1.430427078220704862e-01
-6.342326234147317443e-01
4.413963483940396004e-02
5.746431775009923637e-01
9.344358421416271154e-02
-2.313866566564079519e-02
-2.753903572425717150e-01
-4.781521986076470720e-01
8.911343860448632803e-01
3.790970473915285521e-01
-7.960183742780198024e-01
6.863390610551389770e-01
-9.169693835429056916e-01
6.504529965860101903e-01
5.452969585988014511e-01
-7.168207724766028077e-01
-9.089321749433946218e-01
1.272993342595857280e-02
-2.978077553949035616e-01
-9.725163554162534751e-01
4.502362323241420050e-01
-5.690274207153716013e-01
-6.476261211041047794e-01
1.985147122260061681e-01
2.482845787817944405e-02
9.804904977372661534e-01
9.029983625172396944e-02
-4.867748841163135332e-01
-5.015647117459154369e-01
5.456998821101017860e-01
-4.973999708779210938e-01
-9.299904877166311756e-01
5.405001699237649282e-01
9.156063509488682195e-02
6.467373090709002126e-01
7.706355351739421211e-01
-1.779993446826505510e-01
6.026503398107883047e-01
7.787646325382480139e-01
-2.822631672419044779e-01
2.371447080599585200e-01
-4.529546202957045464e-01
2.191549780260504954e-01
-5.367788458059541412e-02
5.559283304469803122e-01
7.656148173103225485e-01
-5.424366892344729685e-01
-2.308184023071025437e-01
9.655050079804076146e-01
-4.751220983503885442e-01
-4.533195944248091247e-01
9.609254833958610353e-01
-8.962248327885486976e-01
-5.787195156474790325e-01
5.641563054426903534e-01
-3.334223053954138427e-01
7.760893897872378489e-04
-6.026696365123525023e-01
-7.080547117566475812e-01
-1.396957985618522691e-01
-4.627769150993733538e-01
1.011579983606849531e-01
5.070372887607600410e-01
-7.083225479678135761e-01
1.352682317386677824e-01
-1.316824116351845708e-01
3.999654000723503189e-01
-2.716357511220926502e-01
-2.459474108808501480e-01
8.786171895907273210e-01
-5.342171850787993392e-01
1.086175204470286870e-01
-8.417733024389073559e-02
-3.840724804952725391e-01
-5.938662033399222384e-02
-6.752364510490628524e-02
5.036856221716912163e-01
9.709855855615447950e-01
2.316843725140743659e-02
2.648056372368767786e-02
-7.184886981508599169e-01
6.058845110985233706e-01
-9.660658616420526590e-01
8.767853753502561354e-01
4.200145767269549690e-01
5.974784220181835748e-01
-4.018984902017106453e-01
9.946734257475939311e-02
-5.407421111519471468e-01
-9.844661698413470496e-01
-4.066731908097330761e-01
7.523355608194075561e-01
-7.377314856684830113e-01
-9.187892111126723105e-01
-9.329264000519172928e-01
3.157177206058112695e-01
-6.190004010405826262e-01
-2.325750811252768613e-01
-4.128877247346531831e-01
5.348956594637153117e-01
-7.097929863691673225e-01
2.560878425087562693e-01
-5.530509591635395239e-01
6.340314229392993717e-01
1.277676520257714499e-01
6.290995980807537746e-01
-8.631393155275784990e-01
2.680457105518876948e-01
-2.422296018155190023e-03
-8.695693376774633609e-01
-5.746474432943233790e-01
-1.968214812583646001e-01
-8.678116217354238104e-01
-7.377205101071173665e-01
2.682497356974206659e-01
2.521661169719328077e-01
4.632332611642200337e-01
-4.597394759264873398e-01
4.366712150090761302e-01
-6.156554646539690312e-01
-4.817210309454217909e-01
-2.830035611099103732e-01
-3.950174403509111309e-01
-8.967049268028201570e-02
4.891350169392786884e-01
-1.409180085059584253e-01
3.868812806210880084e-01
7.649347078141255363e-01
2.600270102232454250e-01
5.712846894108526419e-01
5.362164807067035799e-01
4.729962919423296719e-01
1.855628847090352584e-01
-7.898769119798964011e-01
-9.599920976118148097e-01
2.841322112866434546e-01
-1.446468611753591038e-01
1.904826166362100504e-01
6.647704375643501695e-01
3.362410160023616146e-01
-8.843926284960713646e-01
-5.182367658771165342e-01
1.966224667379238289e-01
1.380865881981188648e-01
-7.930945186678584058e-01
4.728177434579275418e-01
-7.232334879901083369e-01
-7.040052215871257513e-01
-5.446713379280981870e-01
6.470094588598237495e-01
9.070834583182757482e-01
9.119744863416150427e-01
6.067915123312512815e-01
-1.558480410713000142e-01
-9.320848164773232192e-01
-8.229120393065569861e-01
-7.333189222774926241e-01
2.352761160211067626e-01
-1.024716903646847310e-01
-7.528890001087881201e-01
3.740954524330899478e-01
6.940984178033808849e-01
-2.189663019606835626e-02
-8.220501725398478010e-01
-3.314135678203269375e-01
-4.107693785451234647e-01
1.096964183149240490e-01
5.135706165303359771e-01
